,window_meta,decimation_meta,layers_meta,seed_meta,YAHOO/INDEX_NYA_tests,YAHOO/INDEX_GSPTSE_tests,YAHOO/INDEX_HSI_tests,YAHOO/INDEX_MID_tests,YAHOO/INDEX_XOI_tests,YAHOO/INDEX_N225_tests,YAHOO/INDEX_AORD_tests,sim_0_tests,sim_1_tests,sim_2_tests,sim_3_tests,sim_4_tests,sim_5_tests,sim_6_tests,sim_7_tests,sim_8_tests,sim_9_tests,sim_10_tests,sim_11_tests,sim_12_tests,sim_13_tests,sim_14_tests,sim_15_tests,sim_16_tests,sim_17_tests,sim_18_tests,sim_19_tests,sim_20_tests,sim_21_tests,sim_22_tests,sim_23_tests,sim_24_tests,sim_25_tests,sim_26_tests,sim_27_tests,sim_28_tests,sim_29_tests,sim_30_tests,sim_31_tests,sim_32_tests,sim_33_tests,sim_34_tests,sim_35_tests,sim_36_tests,sim_37_tests,sim_38_tests,sim_39_tests,sim_40_tests,sim_41_tests,sim_42_tests,sim_43_tests,sim_44_tests,sim_45_tests,sim_46_tests,sim_47_tests,sim_48_tests,sim_49_tests,sim_50_tests,sim_51_tests,sim_52_tests,sim_53_tests,sim_54_tests,sim_55_tests,sim_56_tests,sim_57_tests,sim_58_tests,sim_59_tests,sim_60_tests,sim_61_tests,sim_62_tests,sim_63_tests,sim_64_tests,sim_65_tests,sim_66_tests,sim_67_tests,sim_68_tests,sim_69_tests,sim_70_tests,sim_71_tests,sim_72_tests,sim_73_tests,sim_74_tests,sim_75_tests,sim_76_tests,sim_77_tests,sim_78_tests,sim_79_tests,sim_80_tests,sim_81_tests,sim_82_tests,sim_83_tests,sim_84_tests,sim_85_tests,sim_86_tests,sim_87_tests,sim_88_tests,sim_89_tests,sim_90_tests,sim_91_tests,sim_92_tests,sim_93_tests,sim_94_tests,sim_95_tests,sim_96_tests,sim_97_tests,sim_98_tests,sim_99_tests,sim_100_tests,sim_101_tests,sim_102_tests,sim_103_tests,sim_104_tests,sim_105_tests,sim_106_tests,sim_107_tests,sim_108_tests,sim_109_tests,sim_110_tests,sim_111_tests,sim_112_tests,sim_113_tests,sim_114_tests,sim_115_tests,sim_116_tests,sim_117_tests,sim_118_tests,sim_119_tests,sim_120_tests,sim_121_tests,sim_122_tests,sim_123_tests,sim_124_tests,sim_125_tests,sim_126_tests,sim_127_tests,sim_128_tests,sim_129_tests,sim_130_tests,sim_131_tests,sim_132_tests,sim_133_tests,sim_134_tests,sim_135_tests,sim_136_tests,sim_137_tests,sim_138_tests,sim_139_tests,sim_140_tests,sim_141_tests,sim_142_tests,sim_143_tests,sim_144_tests,sim_145_tests,sim_146_tests,sim_147_tests,sim_148_tests,sim_149_tests
0,20,1,4,1987,0.325693335478681,0.24560865128129497,0.32104944845904476,0.23431707918643951,0.1595289165598487,0.2944919697562492,0.29009500910750535,0.2355434182094111,0.3159423416619355,0.24503388654266386,0.3643353076936623,0.3094388846727147,0.23393433022062035,0.29385347402502704,0.3116597627041162,0.2741864090396843,0.18494580055006535,0.20313835236351047,0.2808312043152024,0.2712436527880344,0.3232010912277304,0.2573700723357207,0.2831904206957136,0.33190269928364324,0.31184207775197953,0.316341143530027,0.3285924804723067,0.35683689433162946,0.30282180209075454,0.21776228370768985,0.31872412950441,0.3071775336557936,0.3270808266553505,0.32530865465042413,0.32294946151647796,0.36435455023564217,0.2934371436064222,0.3393048675714341,0.2802504001352489,0.3193558016332754,0.331403984884848,0.277662780997726,0.34574324872189316,0.30345642457418287,0.2883266926037828,0.2799504525140022,0.3494520015571874,0.3352010773798609,0.2753093649554343,0.2816540025052168,0.23688828059755898,0.2515743441512401,0.18896485081439374,0.23800926415341542,0.32689171038596276,0.25591866445978434,0.3303452120945517,0.33295223836500937,0.17313543664745978,0.2926715253351913,0.3145432468461327,0.31185784740032046,0.30155061658203375,0.28668403192205466,0.1497712483448265,0.27384627257225336,0.26884273681718995,0.3074978033148986,0.23567287648372193,0.2726284425267679,0.3278270239285965,0.29629702457284507,0.3347399733988886,0.2452559961116721,0.25161869377462964,0.33150693879718274,0.26463185806491435,0.1585711672355794,0.2046722190645341,0.30285840985446455,0.1841561809916864,0.28259749678534596,0.3569667230062328,0.30706700569609774,0.27276427740544346,0.29613797270543357,0.21237067853756408,0.266714060540145,0.21292630357929188,0.2492898190217434,0.23845415702737235,0.33763617156579734,0.20417203700497238,0.3238161761224195,0.32364008659508675,0.24236034457813171,0.29702613808864586,0.3259802573700771,0.29011441554342,0.20750119988294377,0.30034862445519034,0.3421790882775515,0.2975333680018462,0.268200585084076,0.2662056937870274,0.255261648545223,0.19927370874152323,0.24379512613024634,0.2634234778799691,0.30782534353500973,0.3345399683178903,0.3635431324260123,0.27644940683272035,0.15237007539733471,0.30779964018109174,0.3283650121179453,0.3159831871576466,0.17441588741940284,0.20365499178543403,0.30330649922530056,0.300117209723264,0.24798705896972556,0.14912942684857192,0.27904227786660946,0.3229168127897265,0.2209159603387155,0.31829138418515923,0.2579546215485984,0.33610761414285556,0.33691818584533767,0.1477583850793983,0.19262058407482696,0.28582381181108063,0.27746817390475653,0.332314386605915,0.30869617093679425,0.22300513405187994,0.24020229673717175,0.31885599890339994,0.3221150678870952,0.3265021414355894,0.2637190815395712,0.20168381872882432,0.24987258587866154,0.2823113891403232,0.31273004374974295,0.3048541738396197,0.1779265789180881,0.2780806043958845,0.35126515849953804,0.23246775230324523,0.206284148069911,0.26199508135297656,0.28081055187093923,0.27661742622270596,0.2972774982226332,0.32793927588294036
1,20,2,4,1987,0.23755082002729558,0.38708429396152494,0.38223158897009873,0.3982292601018765,0.4011991349340395,0.2927653997280579,0.300972890702984,0.4134080947954443,0.34668304912651643,0.41461213366894784,0.33819482620758345,0.3132817109174366,0.3201785578380657,0.38323102812223797,0.3293392915514451,0.4033237450484988,0.3457109091402609,0.41224425314347957,0.28280912403818925,0.42402133089077626,0.32559521100189115,0.40481660267974756,0.3722006869466999,0.2908136747305906,0.40740725066088423,0.36421214485470255,0.2081953625135784,0.3843570308594764,0.4027700996851619,0.4221297010590758,0.4031400655643849,0.4412206028835683,0.39552998278714435,0.4122809959363334,0.416396026898034,0.45232007171534283,0.4250310808042937,0.39457825233664695,0.33031533141679403,0.42402998593789115,0.36786227309251135,0.41275015775161455,0.3357291119762614,0.3887314542939391,0.3810696788226502,0.43514917711668377,0.42313788382312917,0.3793577996990349,0.44156533064721504,0.3796460272390631,0.43271523080294644,0.33687150516087494,0.39627783622922774,0.34964019708995575,0.3332310393641267,0.39278093440623224,0.4107374704336818,0.3963602217692363,0.33927035452444343,0.42905583011953136,0.37962803093692926,0.40219835578640806,0.4183616445034365,0.3235410370404207,0.37156413710570035,0.39872194068341316,0.4285457138019272,0.3347007150136972,0.44018244682988034,0.34527138116993483,0.2801783059971242,0.36890998361985894,0.20419069434268566,0.40377460423904127,0.23182228875311114,0.40606230316282826,0.4194550854495809,0.38103195934356016,0.42639126566391955,0.4235267301149006,0.30410186365435393,0.4266463430621956,0.3805416224123556,0.2962805280202552,0.4010578264164019,0.41606706305395197,0.38644560560395447,0.42490308858171294,0.38994512708881235,0.36449556373342684,0.43082493490810636,0.29875136002709596,0.3664149019537093,0.40737085591388655,0.4265110261078122,0.25780740414239184,0.38493045704274237,0.3267364345019377,0.40027163654943054,0.3633712458459637,0.4202724383601659,0.31785672133481957,0.32927287130416194,0.3632488390312919,0.42089411631415163,0.35549282144896593,0.36035574078559873,0.400705010453357,0.4059033246734474,0.4193022463140608,0.4395158077342601,0.36622001641913304,0.3933761988259569,0.37763025677656825,0.40385099626794646,0.2885740876952304,0.4074542136886452,0.39684073208253595,0.35272764910625504,0.3131213296063339,0.41777147620539123,0.36376208617717404,0.3581427375727062,0.4301038445551184,0.40640118265453773,0.38474392890930176,0.41817221943336197,0.2900765701939788,0.28181777053241486,0.39638562255267856,0.31169517394862595,0.4435272845286357,0.3810588569580754,0.419013728748394,0.4096268161188198,0.38885124152219747,0.39329943611652035,0.36288574398318424,0.2527490916885907,0.40287698907188224,0.4236432459535478,0.43025803739511514,0.40304549185535576,0.24491259146340286,0.3947476095791104,0.42873612227319163,0.40452938434443897,0.30546346797218804,0.38813123069232025,0.4158716293075417,0.3282545777815807,0.36842172741889956,0.3344129349989227,0.2925072705821146,0.39195306640637073,0.41662468902672395,0.269231220966653
2,20,3,4,1987,0.38869420527498383,0.3025447049535307,0.46720965747976123,0.4671375872531613,0.44375924394961974,0.4322550065377179,0.31344881232913213,0.36399639995043515,0.43700187761365,0.4870517761197709,0.4681057929992676,0.4728747071655652,0.4534180903707752,0.37787754230826864,0.44292477342008635,0.464311768080442,0.4118265425430909,0.42843952456503426,0.33594019062646474,0.43795165851825973,0.42362643675949735,0.4690965602871116,0.4425492066008444,0.3588945130810483,0.4613498656349328,0.4126477803437764,0.38999105068563505,0.37001513888817705,0.4834783559537116,0.43300952893177064,0.4107688346891913,0.418973874272281,0.47484616127632956,0.4446999328282043,0.41744843694089934,0.40857295566842755,0.44830143610939727,0.3946968803878959,0.47896913581222067,0.4633398483727724,0.43831135002711347,0.38630614139651526,0.4678795528775863,0.3981117267190045,0.4773440199498912,0.31561750059819405,0.4761718190808333,0.3807401686679316,0.3884595850951799,0.388134625349336,0.4509073252441319,0.47734079743159635,0.3715764791455888,0.4799903494711141,0.4762931584401895,0.4106811296393853,0.4426688874950846,0.47729528314284697,0.4132549719501088,0.3674585707770049,0.42745960191005966,0.40631569705846654,0.46434301820420126,0.3860373269510633,0.41626319903453796,0.4063601421035883,0.39064430530744654,0.39478499220527763,0.4374414907611963,0.4231296413727389,0.4650309094945893,0.41086632240819565,0.4620971704712351,0.3921922006224858,0.33294272877787817,0.4524812188767295,0.4075234134233635,0.41751741816979326,0.48648664469027336,0.4548468328159274,0.4155994175954629,0.3141854425878015,0.45458779080223494,0.2852833264201652,0.4248675335454577,0.37310754069845187,0.455331131702161,0.4140729742650767,0.4228229229231827,0.4512646459896146,0.4608640290853631,0.33260299527008114,0.42607801128889766,0.47796764560328187,0.4736053279337992,0.3603044761956193,0.4207987721639735,0.35072776470475525,0.40621558036513,0.46527722182164666,0.4677881853271077,0.4068817559999364,0.47291262754957186,0.48262633167150365,0.3957866120884437,0.3830778007288925,0.40166977548417243,0.3835154234908009,0.3719333239639078,0.4044451606637649,0.3485697214385025,0.47230123677326524,0.46560262837482774,0.36689067137150366,0.47487632281907644,0.4841577276473737,0.37393373933457236,0.4778515721550425,0.45080001731865277,0.4144884366115541,0.39690831144347444,0.42935075081941737,0.46991061459060846,0.4690348053251514,0.47613884383485516,0.4675703196580173,0.4684821685761896,0.33019942750457587,0.4320624987132677,0.4254983916082455,0.476509616120171,0.45161122675160414,0.2878145350299719,0.3496806783075551,0.43638809173161747,0.48544156232862984,0.42214878392583544,0.40527843905769234,0.4355549648517871,0.46683724326941806,0.4467291743245744,0.4030074101822977,0.41584882458657707,0.4327396181703524,0.47760118350727865,0.4609834893059184,0.4511277145556821,0.4167008579687308,0.3801734945701279,0.47211184938445344,0.40952763962381666,0.4587458049068014,0.46216996184742176,0.4469771273718535,0.4731387646143673,0.4294106043477095,0.44232485744789357
3,20,4,4,1987,0.393391043253434,0.4126873306892625,0.4849268960952759,0.5237944783308567,0.36911650529274576,0.4270204847083666,0.4877594867531134,0.490108885327164,0.4475682323076287,0.35176038012212635,0.4062724910220321,0.49062696464207706,0.41173564961978365,0.43129995647741826,0.4888948585305895,0.44053930044174194,0.4906116705767962,0.44234199426612075,0.36717071156112513,0.46178692518448344,0.4802170444507988,0.40316455826467396,0.5071785346585878,0.5072395023034544,0.376198728473819,0.4870840298886202,0.4910168015227026,0.4931323881051978,0.5381590845633526,0.4455587541570469,0.4995611139706203,0.36238171312273765,0.4473197277711362,0.4791624351423614,0.4968943243124047,0.43608830291397715,0.43591759703597244,0.5237109052891634,0.48274195680812915,0.4329623598225263,0.4393395264537967,0.44042350929610585,0.4851588059444817,0.4388097299605,0.44743488759410627,0.43550163142535153,0.420077204096074,0.4438096491657958,0.33528337490801907,0.4724458419546789,0.5052019199546502,0.4961073751352271,0.5008123650842783,0.5166033956469321,0.46786814563128415,0.4087799592893951,0.5202876305093571,0.47967432591379905,0.4830195952434929,0.41229540535381864,0.4867418755073937,0.49452476233852155,0.5353216772176781,0.5167794251928524,0.42263815232685636,0.49725579972169837,0.5060029698877918,0.4975636352081688,0.49976229059452915,0.4140403422774101,0.5139179509513232,0.46749463616585246,0.5121608394749311,0.5272352841435647,0.5345707633057419,0.4660020123939125,0.5026130542463186,0.514325567654201,0.44124824781807104,0.5128151798734859,0.5265597141518885,0.49802960181722833,0.4395584080900465,0.40211470820465867,0.5007507776727482,0.4491212136891423,0.5029796422744284,0.49777702226930737,0.42375024240844106,0.5285924600095165,0.41715550605131657,0.5161708088553681,0.47085041233471464,0.4119552519856667,0.3608240576422944,0.4020942577293941,0.4478385709986395,0.5344468707941017,0.3819035656598149,0.5198491033242674,0.41928690063710117,0.4181084061155514,0.4763416781717417,0.4768115573999833,0.45999315137765845,0.46685248613357544,0.49969907804411284,0.40446386836013015,0.427010467466043,0.40094367277865506,0.5048311450043503,0.496642212478482,0.46629757783850845,0.4942627220737691,0.42009873049599783,0.5080416853330574,0.39769201011073835,0.3416232290316601,0.45261589848265354,0.521314127104623,0.4693956442025243,0.4028476361109286,0.4359242082858572,0.4340886297274609,0.41474255858635417,0.5066589360334435,0.41868663199093875,0.44903342091307347,0.5088683585731351,0.4023605627673013,0.39557886245299356,0.4185694729795261,0.4921518247954699,0.4710503585484563,0.4425857723975668,0.40401766129902433,0.5279229842886632,0.4730011541016248,0.5024789863703202,0.48710089921951294,0.5263152913171418,0.5019607519616887,0.44049754191418083,0.45531115969833064,0.5126129522615549,0.45848704296715403,0.4547624247414725,0.42788501418366726,0.5117568799427578,0.4440561326182618,0.5290240353467514,0.5075207924356266,0.4446943609081969,0.5114787245283321,0.4578357314576908,0.4986035312925066,0.40646164879506946
4,30,1,4,1987,0.3643549465239427,0.3380443635728029,0.3096861484928511,0.3400572804589738,0.3444772273718629,0.34409773504982394,0.287401203264164,0.36005597273005713,0.30691621273378783,0.2772874641267559,0.33673386354989643,0.308254202106331,0.31877412697936913,0.3497398971756802,0.34119695855092397,0.30935790900942645,0.20361345338670514,0.3744970017596136,0.30897205366364006,0.308742347171035,0.340934754097009,0.28248097662684285,0.3554078175297266,0.27246279037451443,0.3513741572446461,0.23818466195577306,0.32537184418002263,0.2964411693283274,0.36047147640699073,0.3305640082570571,0.28263195111781736,0.36149577272089223,0.36443125575403623,0.31261227538314046,0.2739145654666273,0.2106015127293671,0.3380249418035338,0.2770113001141367,0.35266014526161965,0.30040844641154324,0.35250856265237057,0.3458279580255098,0.32367560222179076,0.34320490571516976,0.3564476031291334,0.3553009980087039,0.24841166527210912,0.36989885108380377,0.2824094088017186,0.3429154630703262,0.2798825028576428,0.22216884708857235,0.34097348836403857,0.31121057188963586,0.294940461539015,0.2455911814789229,0.33065614398521714,0.30362269682220266,0.282384513676921,0.3559142594850516,0.26356905159316485,0.34873747501192215,0.2571204677790026,0.2845829204290728,0.22744151202938226,0.2964551589911497,0.3443050271348108,0.36691713242591184,0.22052165367935278,0.35014002028899854,0.24187156629713275,0.24959921580326708,0.2648726544425457,0.3570683258243754,0.3625829262069509,0.3445237376267397,0.3447910409184951,0.2880393057684355,0.3297709761541101,0.3131304500223715,0.2799933693076991,0.2992803744877441,0.3451774631874471,0.36659759743304193,0.3592190322242206,0.29679770809185657,0.2915065615992003,0.3644282036944281,0.21126905234554147,0.3195408274855795,0.345210403430311,0.34720103853865514,0.336538018682335,0.35552659759038613,0.35535145447224004,0.35629523577569405,0.3721651108204564,0.2854660859590844,0.3610747551616234,0.28019357700891134,0.25570738964442963,0.19080830080599726,0.26261687244795545,0.3397521929650367,0.28198482575295847,0.2563077669354934,0.2746851577034479,0.3458127614818042,0.2839821013845975,0.3145527958869934,0.3391747538047501,0.295275731780861,0.3462318795391276,0.3469937408272224,0.3054854033114035,0.3656309858153138,0.3017217154744305,0.28887796779222125,0.35443325668950626,0.310875852575785,0.36718634201001515,0.3375655511512032,0.2562977466402174,0.19367105843900126,0.2665456152414974,0.35493325100669376,0.3361992671519895,0.36547804580459115,0.29986615384681314,0.347756727285023,0.3420975544030153,0.31254958600937566,0.34587441448923906,0.35154381892349146,0.35096703020832204,0.34666230708737916,0.30926177486588685,0.305732677933536,0.3450539261479921,0.28003282946876334,0.29912238686899595,0.20972053261497353,0.3556430358675462,0.3573074121263963,0.3574575870097438,0.25610359088529516,0.33032905172698107,0.33625512485262715,0.33945571629306937,0.27231779438030873,0.3376871373834489,0.3412353686139553,0.3358152636244327,0.3687186898309973,0.3671349287033081,0.35210042399696156,0.3310823559006558
5,30,2,4,1987,0.4338873089576254,0.414535527390645,0.41813365280628206,0.4467082345972256,0.44046114050612156,0.3836718399799307,0.4391983307255101,0.4272599891962739,0.41085579250064597,0.3138640141729171,0.38865334430926946,0.39879838070893653,0.44001307932253414,0.392001032526723,0.43921145206780604,0.3658374479882003,0.4591473738856727,0.4566901268692791,0.3290142105315542,0.4373454580149675,0.3401854322646475,0.36731974999916733,0.4664433450263164,0.4317613150262591,0.46049751152241897,0.4313598644309843,0.4544408899273364,0.34751523796676986,0.3723430352162589,0.3618583007512359,0.44700031685950187,0.42472011501413914,0.455128225880831,0.44733494429418885,0.4438364436178643,0.4504379124810853,0.3884178861446187,0.4439346896210298,0.38679008632141926,0.38868648676097695,0.35786850016734323,0.45009821562597596,0.44738752012930544,0.35981126712058403,0.3259780170953818,0.33943251546869424,0.3405906016451453,0.42735677594460814,0.37968058967348284,0.37525906175526264,0.43521713151544483,0.36777725301418207,0.38807627422555446,0.4168383887576573,0.28455543003711603,0.44314832614763133,0.3900564898391666,0.3599188878451507,0.35281474366405896,0.4434344422091082,0.3066838025139068,0.4297503048393327,0.42736381564648623,0.434448504811011,0.4427002722841834,0.4045788099620548,0.4660385856168524,0.42968977057389196,0.38568333714141456,0.44533193171932006,0.4122100487578339,0.30137607319100856,0.43285308543800705,0.37196861184793073,0.34323895824742195,0.3914170266710562,0.3871024326624604,0.37882124454842003,0.41503760021955227,0.3810602105813583,0.3872346772155181,0.4359796310439328,0.4098164375663409,0.43651077347963596,0.42507728994800353,0.44287842330593746,0.40706144311101305,0.42830459720592207,0.4360678038621312,0.43702704879233073,0.3386835386305291,0.44105235513696817,0.4289652275555025,0.34329729304095813,0.4414948863426441,0.28526368237994043,0.4044444368877992,0.43476617094223874,0.3785562465336117,0.4273293015315448,0.3671399745239219,0.3602259969953353,0.37595655455202015,0.3953764474936548,0.4215464846131765,0.45145268912242753,0.37282739889803274,0.34438985692062957,0.44138808132428203,0.43331913687856066,0.4355939402798106,0.4263864631580217,0.32724669106720666,0.3781128389581206,0.4382363099434654,0.3367625795645157,0.3035150235376987,0.3906443336893459,0.4566470481417506,0.46136798471363666,0.4209203338865096,0.433533597416079,0.4386063086502443,0.42876238750322215,0.3817190748785958,0.40957985674669295,0.3566262045790096,0.43951170970945797,0.35112871252340716,0.44211581999880406,0.45503853692621143,0.4281805935244875,0.28310052195781377,0.4608700674802519,0.3552151273954943,0.41267831797527177,0.4199527822775284,0.35756726827718277,0.4335676077658755,0.4594243595442796,0.27241632932333776,0.4196506620663677,0.40723844409594073,0.34517641721038045,0.470818338055296,0.38418698764694525,0.41415610833821564,0.45527624236750724,0.33818007846774184,0.3001160406824296,0.44854920724321745,0.4678018764795991,0.3661332089586306,0.4056154126443234,0.4405322247350276,0.45490574564425473,0.44684375361137585
6,30,3,4,1987,0.43588947974718534,0.36882863888200723,0.43158538717972605,0.48744565431888287,0.5033040670248178,0.49655740983842866,0.3935189613665657,0.478070720402217,0.35795837549414217,0.5218001363149548,0.3835278553067496,0.43868393470957817,0.4576594739353063,0.35838676800673036,0.5029401089496539,0.4982464464231469,0.389478072352793,0.3643331125778257,0.45816261386962687,0.41728094905272295,0.4926238642341789,0.4863605111038091,0.43258393416002794,0.48500593160760813,0.46417753015898194,0.5151474612882767,0.4213327977849149,0.51528157859013,0.41957879237745,0.4967092964155921,0.4405494980885151,0.4953755109474577,0.4809738340505695,0.5044462058507619,0.4935592399246391,0.4694643689754822,0.45368036216702956,0.43745948391399164,0.48776974714578797,0.4885599266066862,0.3900395435391715,0.43935305416812387,0.37157448475388277,0.5062719039990071,0.4408016148883264,0.5063533938250779,0.4827722728937522,0.4202250785754558,0.46584369225063543,0.48942640537959864,0.49378547860288075,0.44557772205707213,0.4373332878638958,0.5137666731045164,0.5078969762243074,0.3689252351664035,0.3508230801743109,0.40976891549611,0.39939210686647114,0.48690752850638497,0.4941562959974296,0.40817434189420093,0.4799556073329458,0.4592182156683385,0.5054959383047404,0.4854181140547055,0.444901541389268,0.42899382137247427,0.46046546638240304,0.3994447892653074,0.44519548112405216,0.4481217963942166,0.3685436858527962,0.3358970144014249,0.40599115335621594,0.43070755813313627,0.37023812018591784,0.5198160435048099,0.48756472703597553,0.4975692648083771,0.4884902914821873,0.4319557689158853,0.48398425318728916,0.4957404787513031,0.40386778778500027,0.4497249326258327,0.42074271203000885,0.49811217223090687,0.49027309837925936,0.43713105706876265,0.49387006570096215,0.4865369196139076,0.4851704776515449,0.5054661078928074,0.46881564800766695,0.5167353274265012,0.5062089160484372,0.34217455515002837,0.49371861783480736,0.5216213697674631,0.5076385825529866,0.4946098681610663,0.3659337240617394,0.4947297159739381,0.3717569427928705,0.43819780836160155,0.4900065043876911,0.42493575720037996,0.5068827894912369,0.4126014373768335,0.5163262616628888,0.4796559017051682,0.46833675186296075,0.40491985110030776,0.41550376291932734,0.38848983761907996,0.4832526121102987,0.48282955718223164,0.4170746256336855,0.4739442463122108,0.49953146627122874,0.4416237571687077,0.4951266411163798,0.49408958218563565,0.500462504867393,0.5106149959838253,0.47441007236868027,0.40684970562485445,0.5154867893891316,0.5167362959448862,0.456322293628678,0.4465655942529554,0.45074015536070783,0.49107365544271653,0.4973833300601477,0.4606550432941466,0.4866894508687016,0.4782762317365157,0.4185128049832194,0.4100737625383326,0.45049213518128084,0.47921919571485555,0.4227097415832724,0.41171643457650225,0.4335054682132385,0.4203367388568162,0.5121087285750671,0.39412772952368436,0.48181725347635845,0.4930121492152013,0.4846917524419982,0.4667671016806387,0.4898992247051663,0.4936196539137099,0.4265675126821145,0.5022712285947982,0.4955184041768655
7,30,4,4,1987,0.33775629671578555,0.5151650869485104,0.47039216037970694,0.5227957963943481,0.46084665484035137,0.531754976197293,0.4722985053673769,0.5400078733762105,0.45084850833966184,0.45835236540207497,0.5246919344633053,0.45654309835189427,0.5407389319860019,0.4515196427320823,0.44759061030852487,0.4875993753090883,0.5089949941023802,0.4974089536911402,0.44445435465910493,0.5147451518437801,0.5583770000017606,0.4633482248355181,0.436395645294434,0.4786322399591788,0.5182871619860331,0.4450219641893338,0.3407804330954185,0.3841346875215188,0.5356790417279953,0.45376621866837524,0.4254161903491387,0.489005335019185,0.5276984214782715,0.5055346929110014,0.4456750674125476,0.5170589706836602,0.4637225415462103,0.5277472055875339,0.495338367498838,0.386283494417484,0.4719090645129864,0.48149623381785855,0.5267080771617401,0.5013308589275066,0.46423688790737055,0.5050728672590011,0.5434927830329308,0.36517319755676464,0.4699230195620121,0.5501291094682156,0.5420206815768511,0.40577558095638566,0.4484944679798224,0.43393822404054494,0.5288295834492415,0.5014320061757014,0.55878019791383,0.48948172728220624,0.5489296216231127,0.49892984002064433,0.4029011287750342,0.4805625912470695,0.41385399714494364,0.4635983457932105,0.518033367395401,0.5179667530915676,0.5459710582708701,0.5378103133959647,0.5110013228196364,0.5196778567937704,0.41901907385923925,0.5285270198797568,0.44330724431918217,0.5343362704301492,0.47422018540211214,0.4627660777324285,0.4976751860899803,0.5287971395712633,0.5087112842462002,0.5451022022809737,0.42129890139286336,0.4476158794684288,0.43840675674951995,0.4967931195711478,0.5373918640307891,0.46887536858900997,0.4868860085805257,0.5364623407522837,0.5390011458824843,0.39838456633763436,0.5338176623368874,0.4911774959319677,0.5201104051027543,0.47434607530251527,0.5281271748053722,0.5737276593844096,0.5149049865893829,0.541306860324664,0.4163067334737533,0.5258205662935208,0.5612129501807384,0.4400729816693526,0.5072617805921115,0.45600271224975586,0.5418020933102339,0.47551147433427665,0.5304050106268663,0.5320824708694066,0.5238168774506985,0.4165927809018355,0.5273381685599302,0.45697000806148236,0.49463557234177224,0.49589416736211533,0.45047434262740305,0.5300519017072824,0.5276341563616044,0.531324159182035,0.4813158027636699,0.5451256565558604,0.47238546013832095,0.4839402914047241,0.5320791823741717,0.5018636657641484,0.5315027282788203,0.5244956499490983,0.521718276769687,0.5305114516845116,0.4511486519605685,0.5086391071478525,0.4069306784715408,0.49287598347052547,0.5403940185522422,0.527882754497039,0.4479317522965945,0.5327864192999326,0.46889163439090437,0.5272783071566851,0.4906413836356921,0.5263338409937345,0.5299542848880474,0.46151963885013875,0.416977786559325,0.4168166417341966,0.468257457170731,0.4681972051278139,0.4552237807176052,0.5506724696892958,0.49674326670475494,0.5374404048308348,0.4338715204825768,0.5100073392574603,0.5401873959944798,0.5255591624822372,0.5223650036714016,0.5456456221066989,0.4652136750710316
8,40,1,4,1987,0.36520572063577084,0.388871351480484,0.37731461629624086,0.2775530051487396,0.3786233053862594,0.28441823982042314,0.3676829519758357,0.36724054526315747,0.3750910448861817,0.3886933448347906,0.32224556728158765,0.33458875846802355,0.26319167924471226,0.38876937033256803,0.3667214771942796,0.3542422493978749,0.3709871293776238,0.3890272730203636,0.35616125496923545,0.2491915599361572,0.3543843015442934,0.37596808908405716,0.3024171776266908,0.2356263855413188,0.3024103926312939,0.31570874186674147,0.2515227049778018,0.3526253874764243,0.33443354090961364,0.36128578583399457,0.36716987836648,0.2886119774992475,0.3755135216262706,0.316597359186494,0.21358127078024908,0.3148364143302081,0.33037730197791665,0.2929345334966222,0.3211495941658286,0.28189983612684244,0.3129858524929284,0.28415514224684585,0.356269932858391,0.31234912221120487,0.3283746761514207,0.28846116800271965,0.3556583833482933,0.3145933597335646,0.3088819327161037,0.357390310941087,0.37403181153709597,0.38452868074820823,0.3269155311418275,0.3611977769319247,0.3622872047551231,0.3684421151460955,0.29248498861780636,0.2780424992545627,0.33937925119212675,0.351459906846096,0.35374029450996747,0.2913564583345662,0.3847342667621956,0.30508403821892005,0.23251681360303977,0.3445543865513892,0.36831079119360793,0.3251318037509918,0.39294261163329597,0.28581740847860754,0.3342522679248539,0.3558564944185685,0.36101314735201073,0.37081764583654125,0.3626312148132856,0.370670082337956,0.36321364790767774,0.3104588677221378,0.32180292290577567,0.3246127774960188,0.28390167651672027,0.39318920405645336,0.3785590741344278,0.3794588304593385,0.2338569100629845,0.3672887976783008,0.3318917247430151,0.38039515347837344,0.30814918086253795,0.3760390845994986,0.36681151065234147,0.3707691006485198,0.37468967102326367,0.3242239043286545,0.3903904306420204,0.37053417252950344,0.3803190143238305,0.3168285910620889,0.2556437753679181,0.36483699914318224,0.3102276265545641,0.31501110166273494,0.3162437290973083,0.3237658495836536,0.25602983034608934,0.35197901412259186,0.23740363162582215,0.36754237736737017,0.3209756266028256,0.3255285670171068,0.32184465752657226,0.21587526847352245,0.3799344390366316,0.3766585324804744,0.25690771169082294,0.36654593260116,0.37916819156349385,0.31958914207263894,0.29685689922521324,0.2515923901731373,0.39047178958456474,0.3676199037085921,0.30781791486667587,0.2796098805576827,0.30323093132374407,0.29598357695590405,0.25900007113908785,0.33015825702361434,0.2646420530417724,0.2923992846175292,0.377335886764889,0.2708186182950084,0.32107682142723043,0.31418177054862106,0.3217352198481711,0.35504436651563465,0.37115463444488583,0.29703388921208257,0.3522391256950654,0.3825611995275785,0.2726996624877698,0.24952186307904084,0.2624533930167801,0.3654690693464267,0.30495738299476177,0.37584959172628374,0.37191213529523937,0.2850131814395218,0.3812314138213038,0.3248121606230887,0.37736310240433696,0.19692689905601762,0.3132062238960967,0.3650970794402148,0.3810545270282808,0.32517219847599366,0.3225486498368557
9,40,2,4,1987,0.46959647017976514,0.3726354159002927,0.43732766153519614,0.4016718529069515,0.4506291319494662,0.46663531801832003,0.46445884686389954,0.3406332899595945,0.4755549993527148,0.3586948921207253,0.4534384790267653,0.4107981168738455,0.3860130058293427,0.38801109616386376,0.45345689580034054,0.3997539548776835,0.39602771280072724,0.40088413462384054,0.4578434086331278,0.3152164140047918,0.4500810139203496,0.4589840982099829,0.40421926641585565,0.4661914933728808,0.47670202984761345,0.46046717794796893,0.4612728330015226,0.4472911038623208,0.45142679397993113,0.46860940492790165,0.4732565612890035,0.45931965309851647,0.46876839281038474,0.4607756791527338,0.41728152285398723,0.46798391105564496,0.4679736844607589,0.4570534644842755,0.35848002147128566,0.46127344891618527,0.45065514041873944,0.40533657133124257,0.4505733501061835,0.324994859122138,0.46149332491496137,0.4465145370129107,0.4855599850795348,0.39856328111871814,0.4605922497259145,0.47591423222430185,0.37567485698306835,0.46021051761758236,0.4019320000522313,0.456946643330062,0.3944173738853319,0.3310341784972271,0.3602540551402793,0.42189751933245867,0.4436001948272909,0.45665687201283967,0.46748306384220073,0.40935767167093795,0.4703339503618294,0.4733535069545717,0.37747875037994094,0.2963696682574488,0.44129829552337413,0.32857598322645093,0.3592158679592094,0.45826799466106427,0.4662760367981957,0.3219851724064077,0.4631046859059322,0.45639691219378364,0.46225665164661167,0.4431738653255783,0.4725252022118362,0.47576069065936044,0.4568140635660283,0.4668490160209229,0.3733029230557022,0.4439037818338428,0.405601810104671,0.47392240492745513,0.47764881527757524,0.40217707152585036,0.4219945208868604,0.45470112076849123,0.4540275051696913,0.3521863640719698,0.33513819655692606,0.4435402364979567,0.4559146713361182,0.38893644212159795,0.4061409288841956,0.48279958197482065,0.4538632602485385,0.38463709410516966,0.45023407622148065,0.332154794048717,0.40974750424766054,0.4017529952465426,0.39855786968430185,0.4126975186756852,0.40161247153318563,0.48378076246979884,0.39343363471310255,0.4250289928215454,0.36237355733039117,0.35747713517900037,0.40827368901279437,0.4034260395374007,0.4184096083992917,0.47005529773750987,0.4552620749437172,0.38355762191097853,0.4019198124190323,0.4539879292022181,0.42389171648268176,0.449529108503696,0.47026212676487505,0.4709473831659662,0.34943755687648104,0.4605447232116573,0.4456261430532878,0.44475689022292314,0.42961520532918646,0.3008522892574621,0.3152392293888194,0.47316397715160863,0.45950009402731296,0.4112889939592085,0.4094541893357236,0.4622815763980681,0.45503521769404714,0.4594702907190978,0.47140491706421056,0.4115203930676438,0.3961710160166859,0.33945360999677626,0.47623771580727653,0.4450257808804209,0.41950296354657823,0.4699844074916597,0.44153633668222503,0.4120849273132004,0.46342669696601596,0.3562328835176754,0.37103637469027184,0.471984512933338,0.46945270903541236,0.44118160873879003,0.4486271161917815,0.4418067709180235,0.4477396956230241,0.46122856040037313,0.4708610820102934
10,40,3,4,1987,0.49728557248833555,0.4548352478128491,0.5107870754205955,0.49705980723889176,0.47162545808954126,0.5147692768470101,0.45101630779413077,0.5069416266221266,0.41945759791594284,0.4636723289122948,0.5088056839429416,0.5194219790972197,0.4417441588181716,0.46164164864099944,0.4307352451177744,0.5228445740846487,0.5141662157498873,0.43930141650713406,0.4498857534848727,0.5251471881683056,0.5042687333547152,0.40695520547720104,0.4815774156497075,0.4252836048603058,0.3597912623332097,0.482039187504695,0.46814270661427426,0.4525183503444378,0.5185235775434054,0.4833447263791011,0.5033506035804749,0.3754429317437685,0.5162377018194932,0.4669079019473149,0.46279854820324823,0.4927667947915884,0.5146763842839461,0.451433429809717,0.5153264696781452,0.5280618667602539,0.5032216512239897,0.39233240943688613,0.35221676964026233,0.450871335543119,0.5240102557035593,0.4779952659056737,0.46105162455485416,0.5001481312971848,0.5229935600207403,0.47302736777525684,0.49664565187234144,0.4195176670184502,0.4473591052568876,0.5275123293583209,0.5209589866491464,0.5199206952865307,0.4578322593982403,0.4282757085103255,0.529178170974438,0.40371449360480677,0.4909929293852586,0.4711336988669175,0.455621978869805,0.5013140999353849,0.5081960641420804,0.4147504476400522,0.4556311121353736,0.435069544498737,0.5405081253785353,0.4786732939573435,0.5116181181027339,0.4619277339715224,0.43222157450822685,0.5047347022936894,0.36607431723521305,0.5087719477139987,0.5022761583328247,0.46660176332180314,0.4622864966209118,0.536234332047976,0.5213776854368356,0.5264981453235332,0.44897191386956437,0.5096027126679054,0.5204085267507113,0.5004941289241497,0.5338474594629727,0.5143024288691007,0.44160913412387554,0.5276236625818106,0.43594096486385053,0.4969551824606382,0.5221328203494732,0.5275062753604008,0.5103276500335107,0.5170158963937026,0.4044949407760914,0.5274715597812946,0.536867918418004,0.5154726587809049,0.4746737677317399,0.5146326028383695,0.45950071628277117,0.4822978826669546,0.5294699517580179,0.4746865396316235,0.3936979055404663,0.45532030967565684,0.5086323893987216,0.4255857586860657,0.49515225337101865,0.4568272508107699,0.4700197219848633,0.4508163736416743,0.4587179958820343,0.463027168237246,0.4715556108034574,0.5198442358237046,0.40455936927061814,0.45409190838153546,0.5293304168261015,0.5043415541832263,0.4707337177716769,0.4952671399483314,0.4697289109230042,0.5173919475995578,0.503300666809082,0.454961679990475,0.42961289699261007,0.4737125873565674,0.5102711631701543,0.49272163922970114,0.3786017106129573,0.46440158715614904,0.5134094458359938,0.4685138830771813,0.5019164406336271,0.47043048051687386,0.4602552730303544,0.5061236262321472,0.4482832303413978,0.5032381662955651,0.5320667335620293,0.4728805193534264,0.4657288331251878,0.5128852743368882,0.5211411366095909,0.521831817810352,0.46034864416489235,0.4499054110967196,0.489040653522198,0.4612892884474534,0.42636879407442535,0.5212968000998863,0.5401822126828707,0.5249412050613991,0.42453548082938564
11,40,4,4,1987,0.5296551656228891,0.49568870255184655,0.5398527203184186,0.530391196203973,0.49111204613675724,0.49119256287024765,0.4989527832601488,0.558209871201171,0.47021797145764854,0.4547025948455653,0.5340942838757309,0.5108323453627911,0.541887524201698,0.507736174716163,0.5693846676767487,0.510734386050824,0.4936024220948367,0.48990817168324263,0.5349856823990026,0.5663588526322669,0.38020465668943737,0.512821946561951,0.5572751029250548,0.544674301884838,0.5517807781081838,0.478031558781555,0.5340125185927165,0.4859256400275476,0.5038498895069987,0.5004975463926178,0.3905128498667294,0.4493209105177024,0.5583341097094349,0.468714611431987,0.5581772315133479,0.506150406046012,0.563808418426317,0.496420554893533,0.45615836025513323,0.5006454040094749,0.4826198103501625,0.5743582986064792,0.5374866982096249,0.5054594198453057,0.467575816764045,0.483202396594372,0.5460299886379045,0.502001166343689,0.5742657129297551,0.5040785725583735,0.4590458181715503,0.5023784127432046,0.539801236280461,0.5535952725361303,0.5545966606779197,0.42494236193981366,0.5549828907878128,0.4898185951193583,0.39213569016800714,0.4127677974012709,0.4628406265347274,0.5086001661634937,0.5544206795004225,0.5481354022763439,0.5452554963298679,0.5185770582906979,0.5836269830920032,0.5626335832261548,0.5528436137228897,0.42563456696333346,0.44165214312445256,0.554640419089917,0.5456347318039727,0.5557596216496733,0.4645692822859459,0.4960430338210666,0.570639460357194,0.5590599664707774,0.4991986954335085,0.5630029126540902,0.5751527977972916,0.484278084076557,0.4651535909200452,0.5454685743322077,0.5588447187364716,0.5610548257827759,0.48073930592881037,0.5708153684114673,0.4997243758329411,0.48156965086140585,0.5696057830889201,0.5352127576611706,0.4987698652080654,0.5068491709601018,0.5217328317386588,0.5515034481422189,0.5612995636831853,0.4629773217992684,0.499950944762869,0.5444878991117182,0.5460900891687452,0.47756702045804444,0.4866990502347651,0.4277088104449597,0.5313146372431332,0.47274428268068847,0.5093266220436883,0.560258744918194,0.5161320659303174,0.450915476710526,0.5108263259081497,0.5040379768794345,0.46855591683043646,0.4988382587727812,0.49383918710590635,0.49840587193203956,0.5583544324353799,0.5120007205255253,0.45240428552185136,0.5083421484096763,0.5057164104943422,0.5677445346547156,0.5110837436213935,0.5535796137200188,0.5675582074627434,0.49110903967287123,0.5545913534066111,0.519533800095627,0.5068836777480608,0.4241067976066747,0.558889452329616,0.47009097300853925,0.5538647863053784,0.49726309604251506,0.552042860960223,0.5425791912472125,0.5564278038506655,0.5144310870121435,0.5473386479407242,0.49877809925177663,0.5560146852866891,0.47914078247915837,0.5726980855784465,0.4405652739338039,0.4257528812614913,0.5048602161948214,0.5088733520704446,0.5558267321783242,0.47752413798853294,0.44892619258349703,0.5403811372432512,0.46980658511525575,0.49669739511824146,0.546557083572309,0.5453986629997332,0.4428798891219896,0.45593107668394894
12,50,1,4,1987,0.30052556410716597,0.37765727271424965,0.3827171892002039,0.3253520600735002,0.28068156025971575,0.37531260099485714,0.34665390349886743,0.3015083166851005,0.37875096976454486,0.29748200477682396,0.3889091737984401,0.3767474402630995,0.317697660269471,0.3729480748551751,0.3889695039860488,0.38658839161625974,0.3795960173389028,0.26673448191681487,0.38674086634882815,0.40053551481459954,0.38874015983591226,0.3881359239520155,0.2529972380187911,0.38708072658722775,0.30449426038011074,0.3851864286485662,0.33522737616209813,0.4176837750497808,0.31069063504940364,0.38747562551256365,0.3487527394657813,0.27144394610739,0.3953863417134067,0.38455244762643337,0.34244672946518445,0.27661084281611564,0.3269205206844407,0.36578314694656333,0.30601906957965214,0.34233515138553483,0.3066685674002933,0.3358643378703122,0.3194845394434663,0.3494371789966138,0.38121814806449233,0.31065762406073244,0.3026216423450993,0.3269083312320225,0.3943602271794063,0.3309204349965614,0.38687874823052265,0.37828069229416433,0.3882560176292652,0.38095686414520147,0.39360836481079836,0.2736387867007764,0.38350316761108827,0.3017000597594353,0.3467796151408084,0.33285302196057315,0.37775137854106533,0.34190807654167793,0.3968157497456836,0.4016386194882659,0.38299767060328255,0.3794649961938713,0.3847821000868899,0.3834789572330901,0.37650211934510824,0.3788691695571551,0.36807190887819086,0.3812846750172262,0.3353321104485371,0.24168438657286204,0.34394375442853437,0.2782740238959414,0.37263222999379114,0.38099898102924906,0.33831934608178693,0.27438016016471206,0.3877429881979366,0.392777357609744,0.38608134972867625,0.28617230980529396,0.28545553929309553,0.2982904642517797,0.35925644227695946,0.38895335702726686,0.3932394822539412,0.3979163430063858,0.3226403769502785,0.39352913072266554,0.3877947882649862,0.33791802619314437,0.3899901309594285,0.38119173428128816,0.38445265159994213,0.37399116173613495,0.3928144380525889,0.3517642344920163,0.38681085581706864,0.3738996360810275,0.3994493781007486,0.38455502635936445,0.32236389702346724,0.3819668637919547,0.38248299826220206,0.3830789295852487,0.2802719889861073,0.32166325758556424,0.3761305866507709,0.41128881676548024,0.4082620039506612,0.37110359671757304,0.3372370954697507,0.26805508862897226,0.4054372788685833,0.33280460392763167,0.2658318212340931,0.3839131167092299,0.33093901787917623,0.27873084720621255,0.2578627004992538,0.37167932872239706,0.3977318121697092,0.3708545762270235,0.3091397424639784,0.39577196591396624,0.39748490552611765,0.3986813075046249,0.39851419635230517,0.28215907067816876,0.38074644779795924,0.38068650927640457,0.33617330595926587,0.3904875504789014,0.2653008755391019,0.3924510748253256,0.29783000135179705,0.3237091824790548,0.3841486367477378,0.3792481101708969,0.37939530172323815,0.29385812361228286,0.3828847098168988,0.33457089544552837,0.3939908856365281,0.29257690649347257,0.39030248077992863,0.30412162575624924,0.40089254361118765,0.3382302702683483,0.3859588275403541,0.3025360332830303,0.33432213833489394,0.38488569568256437,0.2970630506876156
13,50,2,4,1987,0.37527961012644645,0.46197689795674246,0.3651768196767299,0.3429320445427528,0.37838611526366994,0.433322831204063,0.3684689001161225,0.5057405555734829,0.48144381204429937,0.4957352085989349,0.4309661309329831,0.48774503931707264,0.4722312329983225,0.4202362438853906,0.4128672133903114,0.491030542826166,0.4064230456644175,0.41698723909806235,0.42157692629463817,0.49847162743004003,0.4348612889951589,0.49707575537720505,0.4087233129812747,0.4218577754740812,0.38782182335853577,0.4829572433111619,0.5055165321243053,0.4254597936357771,0.47302152550950344,0.4223120534906582,0.3868471669907473,0.4731393201010568,0.39951249957084656,0.40559942381722586,0.49041385310036795,0.4682241787715834,0.3523890762304773,0.38744660542935744,0.4833927714094824,0.4735987368895083,0.4655104461981326,0.46187057178847646,0.40717672632665053,0.48448576306810187,0.380787405432487,0.47050095212702847,0.4670665884504513,0.47893849076056966,0.4951455860721822,0.35779548968587604,0.3985274500992833,0.48651532007723436,0.412045383331727,0.37484202457934007,0.42800103584114385,0.4383473153017005,0.48582640411902445,0.4828671162225762,0.48338743557735364,0.3899086184647618,0.39045801758766174,0.4953725052123167,0.4188452460327927,0.4097672700881958,0.47582715810561665,0.41011521706775744,0.47416750873838154,0.4389895371028355,0.39017550495206094,0.42799875322653325,0.48160033262505825,0.40831889668289495,0.4555078452947188,0.3888656886256471,0.4649934689609372,0.37012295272885537,0.4777534938588434,0.41762692526895173,0.4911881137867363,0.4865495361843888,0.4889952522151324,0.47911263363701956,0.49361520701525163,0.47203746194742163,0.4067455499756093,0.49934334110240547,0.48173486699863355,0.4857706330260452,0.43297332525253296,0.3703928164073399,0.48225819821260413,0.46547274747673345,0.48647949038719646,0.3954876089582638,0.48341156511890643,0.4242079568152525,0.4748941672091581,0.4293477681218361,0.38228383234569,0.4705551516036598,0.4937495643995246,0.41963166728311657,0.43230442794001833,0.4435178120525516,0.4005689438508481,0.3584655778748648,0.4730977993838641,0.35660506876147524,0.47996533525233365,0.3159914558031121,0.4236908986860392,0.4294398420927476,0.43083299909319195,0.412655020854911,0.3845713114251896,0.4219968726440352,0.41954175732573684,0.41755491373490317,0.39087966571048816,0.48152415363156065,0.4848469562676488,0.4760587531693128,0.48202706538901036,0.4996864315198392,0.4780244845516828,0.4214060695803895,0.4935368919859127,0.47455354126132265,0.4542815794750136,0.4121778814160094,0.49228259921073914,0.3894980932985033,0.3773255707049856,0.4197602886326459,0.48939635498183115,0.4040905358840008,0.4271524159275756,0.3208795387525948,0.4204143814894618,0.48143487925432166,0.4791185180751645,0.37326941259053287,0.46454003088328305,0.48411462258319465,0.4837966433593205,0.5046347507408687,0.440405009352431,0.4496631634478666,0.412138220607018,0.3651450483166442,0.48450816833243077,0.48588188692015044,0.48023232452723447,0.40880945446539896,0.35166372510851646,0.42018342443874906,0.3899029803519346
14,50,3,4,1987,0.5287614196769951,0.5253500877224447,0.5347832305864855,0.5372650577116382,0.4890828285106393,0.5276471546718052,0.5327988425737182,0.44823424144141,0.5485476793929877,0.5410183240087796,0.5442460814498106,0.5262829148171031,0.5385226418613007,0.4787769382064407,0.5139128948960986,0.48551696331804783,0.5472642963457292,0.43781641631973295,0.5340639539206811,0.43221713585282845,0.4556505975806115,0.5335750590190004,0.4642813889216272,0.47971617439078545,0.42276525865650544,0.5300378102133173,0.48772985180372436,0.4980517846737129,0.5387623105270062,0.5512681490666157,0.4468670806139132,0.5015401499611991,0.5396508993329229,0.5187477731796766,0.4955455750572175,0.5354760300698888,0.5379181646932506,0.4882297502061115,0.5334074882696954,0.5391815500369863,0.47659526011658454,0.5402175528662545,0.5202045266922837,0.531486903378402,0.4712053303783004,0.4747219232978968,0.5007312233383591,0.4892564464259792,0.45891797392985073,0.43692813704372835,0.39769460416208363,0.4545040885453979,0.5305105528315982,0.50231583801936,0.4917001617230964,0.4756634981015474,0.5352470067016867,0.4789954720776974,0.42051507342736233,0.4820472520981056,0.5385492039002967,0.49804984004341035,0.48197294478250746,0.4733705782982373,0.45221528963232593,0.5393226183519401,0.5060861071564516,0.4544241966888251,0.45679295707393336,0.5378514458083739,0.4553959955349852,0.5605596642236452,0.5411456254918603,0.5320558066994067,0.5397192926710637,0.5416938218370828,0.5265179140687449,0.5345160355899324,0.45578938055222556,0.5038099346473871,0.3842528101099964,0.3985435082415356,0.3773042640170535,0.4842322929025157,0.5437178393128296,0.5308956171324815,0.518471779855522,0.48978287614450494,0.5412553334788466,0.5169188387145407,0.5295497149113982,0.3633125922624669,0.5473067790384919,0.5531667116526011,0.36960173147985836,0.44422557719886074,0.5469369768636106,0.394014355413702,0.4911969949609985,0.43663428798605575,0.5532116712750615,0.5577186159645728,0.5449064392380732,0.4938615246399029,0.5463620120494062,0.5417815601043259,0.48176167634923484,0.4876586947892163,0.5034280772604998,0.49091147179769273,0.4588172089409184,0.3937644963098769,0.534320842115115,0.5574514306650199,0.47359818956566596,0.48554247318547666,0.537166802234171,0.4248603063430565,0.4731379172056338,0.4884594635153369,0.4653948467210453,0.5522620323542002,0.4289622556518864,0.5619735970920577,0.4224136008028818,0.5260706221735155,0.4737678173656169,0.4869565178988983,0.5258061800684247,0.5339932849048188,0.45345931037052256,0.5160422516145301,0.4937069853300293,0.5394710136656595,0.4835685680271576,0.4403081337227324,0.5432283855313039,0.4729531169167817,0.47811348949159893,0.5300928158649607,0.5425211561692728,0.48566303393555427,0.4985385789143993,0.5542930767342851,0.48025727133953433,0.5596744503293719,0.37612866446318316,0.41824468141817217,0.508735577227066,0.5432205414219713,0.48258313410070414,0.47602972606894595,0.540538266818956,0.4491082600184849,0.5427043428752413,0.4965972716283614,0.5074803790070376
15,50,4,4,1987,0.4317731633782387,0.4707619219410176,0.5185655939397473,0.5277690179646015,0.49756207192937535,0.5174207154740679,0.48637369012585574,0.5273774927144224,0.522226302426096,0.5798901909373585,0.41331069920347147,0.5632424691180491,0.512579548853049,0.5129582542211898,0.5911780660634214,0.5370860408624837,0.5505848894465155,0.5014435321555855,0.5552359365428667,0.5854979676286174,0.5388660233255496,0.5795511442762582,0.5764030950057074,0.5780639135775788,0.5148564252828687,0.5290992192036129,0.5144599481567818,0.5794006888730538,0.5747728289100172,0.5356431506149509,0.578423931499837,0.5705981368845608,0.533196929205267,0.45585436524504824,0.5152058883961,0.5215234069317733,0.453887653474363,0.5274371872294135,0.5018803687293295,0.5779477608018588,0.577635703926877,0.5384864275937253,0.5373500539231176,0.5219094459874642,0.5147477570593049,0.5563327966576413,0.5964817061943094,0.5764990062911276,0.4772606141517817,0.4951999076289834,0.5359639970132106,0.5399919075051738,0.48147813427633573,0.45089133369490275,0.42476895945677484,0.4938935955571387,0.5636424212258097,0.5790815032207904,0.573611723017816,0.5958945850016539,0.4875107926408244,0.5850493982048233,0.49294441181760995,0.5326175322186761,0.5539959656759865,0.5173246063716671,0.5801912558511131,0.511375517579558,0.5165454087479745,0.5849608294086753,0.5023285119644718,0.5754867718009751,0.5804340150689832,0.5152758461823735,0.52721218278371,0.5766846410968761,0.5302075076597342,0.5541290415383373,0.555226225000589,0.5255179865372613,0.4456517935725691,0.5064066225382948,0.4908692073945554,0.48762117164122626,0.5567384352955793,0.5093158424827101,0.5734896011303126,0.5250800171664342,0.5136566279465671,0.5742328664181764,0.5126162619170748,0.5020977082647808,0.4848220187765329,0.42259752657747024,0.5895444259742381,0.5254004091178816,0.546994712995124,0.41682859900084185,0.5372223674942175,0.5207034170318762,0.4840915283390895,0.5407871512860214,0.470619949343291,0.5382075782266923,0.5890352361560486,0.5697818469507089,0.5237780321447343,0.4782793052455922,0.5730886270962848,0.5117597606206805,0.5607007253972978,0.49792406843116244,0.5397517125223584,0.4977688752307793,0.5246670229138488,0.5820701094489024,0.5230496325023434,0.5868624214063655,0.4786472030254226,0.5168764368857744,0.5695351457966424,0.4810155793792843,0.5802797542334838,0.5543273940605203,0.5843732533059589,0.5018381816117875,0.5488384606924699,0.5811036179720429,0.5714706358514301,0.5415053945131253,0.539156176883322,0.5854156832620887,0.5098594581524942,0.5623941532688438,0.48199332933969447,0.5290719076141792,0.4474010904527081,0.5096378011407012,0.5774984276356475,0.5234150497406875,0.5780200034843208,0.4848428461218127,0.5922412365829389,0.5794366270766975,0.5299774877765636,0.36122311180737354,0.5046018056301256,0.58550246608072,0.5866376612470557,0.4824194531366615,0.5734882237380032,0.5867655888740263,0.5279971707052518,0.46170610405620516,0.4811799126276698,0.5809337018067355,0.5049328501360404
16,60,1,4,1987,0.39258967552866253,0.4075770309395659,0.39822017238678853,0.3735152838789687,0.40000161680640006,0.406695376774844,0.41916062507726337,0.32085715205878435,0.4137321003586092,0.407861725688738,0.40623577819543083,0.29890811193398326,0.39953513827832865,0.41176036337279304,0.29938157802161297,0.4036760202962834,0.32098486913507746,0.34689919008687614,0.39805724641267953,0.39645469109166837,0.4032229797434171,0.3892007586007803,0.40971311059658533,0.3678219792500536,0.3693072280480871,0.3425056374285091,0.3995339904155634,0.31728757976576816,0.415432024638262,0.2929026135344063,0.38967704405627074,0.4075072522463308,0.4086494554861376,0.4084113207675299,0.40005115840910654,0.4075525186794989,0.3616294322731837,0.40806116790450364,0.38561202943552253,0.4069952740981285,0.3910119574815224,0.421868746624514,0.3336206436763119,0.40069453950303935,0.4106988074137265,0.39814998858917167,0.30633328334349086,0.4049588260459779,0.39558669955030634,0.33440152757352615,0.3197352278414342,0.3578162484126594,0.3591806483389916,0.39630495801359755,0.39391205002573876,0.3555753130697689,0.2674665861352426,0.26738287279384715,0.4133419039667486,0.41649773474569696,0.4123657249965086,0.41069898115331366,0.40915878331040184,0.27014780646661035,0.34204299337073235,0.4073387448412036,0.296079168022815,0.3435838844679211,0.35932348465980085,0.3104125579021483,0.40713121324512525,0.39693768017628295,0.3511852614837196,0.3194698621311818,0.4106559647765517,0.3980899479292248,0.40972871826594787,0.39705241574720024,0.312937586552912,0.3654117877707548,0.3527125777177314,0.4123621357668764,0.27594440031839296,0.3947361647098158,0.34411809484567846,0.27027345582218,0.35369846766301,0.30207365321461704,0.36032626320628075,0.3853516351464743,0.4009260987008542,0.25009726311684866,0.3523171742883389,0.41212784497983274,0.3336765357166567,0.3537861486326482,0.3978942075254351,0.4130359443124701,0.3447826917092712,0.30087171398396717,0.3856783626267386,0.3967321000832312,0.3000626501543246,0.4111142203571533,0.4055977694339946,0.4084599249850689,0.4095698177360064,0.3371329312100344,0.35695777933812656,0.32560282922911976,0.3664259210399327,0.337537551547248,0.4102974352645753,0.39415801919551785,0.3390064881747681,0.3553038394360257,0.40469353304278893,0.41120977262378194,0.3343501928649379,0.402773745026643,0.3117375546140925,0.31279011333912726,0.4016944029128233,0.3815882466496779,0.28358999280947744,0.2843233719184105,0.3596545321135539,0.4139465309083083,0.3401796242181955,0.3399120192061234,0.3965705340441785,0.2791926074664202,0.3928886106311139,0.39433037011565825,0.2583357360985561,0.4187904168038689,0.2772288156964424,0.3976349573123258,0.3931535974315343,0.40913378423626573,0.3312963355981107,0.33579317072295173,0.3625085720037414,0.3926627338689952,0.3499142369290925,0.35208870938196873,0.40791128884428185,0.2930439904881251,0.4051375501189177,0.35080684488580066,0.40664564097700157,0.392592294508499,0.39779450307958764,0.3517840491771092,0.39102938483449073,0.34269886409918265,0.3090309085279438
17,60,2,4,1987,0.5005221843413031,0.4922986018537271,0.4671969559390839,0.36393769763429246,0.39055309304847813,0.40401096362866323,0.5018696216366175,0.507245558606999,0.47907688786916414,0.50748099283794,0.44178343802461845,0.38819024492712584,0.4025016421704646,0.5082579913651547,0.4773929818816807,0.5118974668290609,0.503200151426408,0.46470544214748666,0.3838972415765533,0.49520582204584573,0.49504787004207407,0.4370973710056461,0.44202997746979794,0.448978152878754,0.44532387259671147,0.5035175467696031,0.5083830833739942,0.43843179034150165,0.4995623355936211,0.37708327090343857,0.3423071944957499,0.42476516436128053,0.4070739568499348,0.5122722073284256,0.4912822606313564,0.4965041052654881,0.5022134430268231,0.3650969935347662,0.5069278349047122,0.5010370881966008,0.432448774271304,0.4970955858602548,0.4122992384311793,0.4660297026262259,0.34579006066102813,0.4928559554964685,0.4220307996053525,0.4586282099604302,0.43595875102235837,0.43864315115582303,0.45127289229646667,0.5086389928675064,0.49772133028415766,0.4374168192791512,0.4448845280558252,0.5093566113725647,0.4931791232674933,0.46296131793800216,0.44962609698400474,0.4960347515390352,0.5122107276526253,0.43234874647291727,0.44154139026961364,0.3993937312184697,0.5100674606345194,0.49967057991515645,0.46517881773926717,0.4952732856621218,0.40002599251849574,0.494994839057898,0.49933856626605744,0.4080573033036478,0.4986824700442117,0.3843702214300785,0.5043757631803107,0.4242012553355273,0.49131369339230724,0.4199192626854343,0.5075857662178976,0.40248485332559747,0.5017037315441825,0.4679684555896408,0.4931334580301934,0.43110279392098527,0.4549634335443492,0.5190312925659483,0.42481621063273883,0.458871687083598,0.49983072212285096,0.41940322518348694,0.5072873900156192,0.491137577139813,0.4348481100081178,0.3728383806203028,0.37977920026730394,0.4466156673705791,0.4543796216740328,0.4986627447940504,0.4430663397397532,0.4356273343343564,0.4896500722679031,0.49621059896086184,0.4945799076496183,0.5090328270517042,0.4400897496344183,0.48794433223012157,0.42647019531720737,0.48919449285473054,0.48519182944541694,0.491627307270494,0.40875164070702574,0.5237191554225619,0.5120184964231212,0.5027067780952015,0.4305552139763942,0.5217399911197556,0.4889881020159368,0.42435790594581446,0.43906795193472176,0.4453931341848105,0.5081787397489523,0.47267173242081156,0.48604933624072455,0.5162462079921342,0.4948142282188396,0.5238311194702793,0.39850187354990285,0.5103540060770176,0.48055818173891446,0.44627721268502646,0.5108966124637048,0.5054298421306074,0.34092426559199457,0.4497941438194431,0.4523837573235602,0.424267643171808,0.4574131902373965,0.5074872952288069,0.4729303062876777,0.5071889878538869,0.5040375254952999,0.4596240516666256,0.46843545683814436,0.501667492606146,0.40624389822220863,0.502573103093735,0.4459409320445927,0.49764878304718096,0.44818978526098346,0.40326752214480543,0.43880169951092557,0.46422176996765235,0.44709192883328097,0.5048724392338482,0.5122478150040902,0.46885385324278145,0.48920258384226534
18,60,3,4,1987,0.5313303521635003,0.5580997266842209,0.4910241118402082,0.5461096494578201,0.457301501981943,0.5479320007491397,0.4909249285394831,0.4786191559577173,0.4119320611159007,0.5181091852890428,0.4471189199491989,0.5159199016038761,0.5499348566513653,0.4639386354490768,0.4819512408833171,0.4776019911433375,0.565183492593987,0.5687924429427745,0.5195228568343229,0.5097114748732988,0.46079850820607915,0.45375170356543487,0.4838906263196191,0.42418688304664554,0.5696294723555099,0.5361952208733374,0.5635761974393859,0.4645396563433862,0.47037776311238605,0.5625062723492467,0.5535227873528651,0.5541580259337906,0.5100616188936455,0.5363807941592017,0.46392176109690997,0.5535734596178513,0.4475872378016627,0.518146698789079,0.41158637843390766,0.40801083856774856,0.48947885332181473,0.5656908205313276,0.5499457656875137,0.5490312982899274,0.4674451055452805,0.4872489167276279,0.4760215984758481,0.4925848525161891,0.5128669017969176,0.5484189700710681,0.5090473363565844,0.5397121213203253,0.45154432640519254,0.4545012721719668,0.5467944080515426,0.5139508258926776,0.5840454766916674,0.4741115620894025,0.4741509011549543,0.5047686284826708,0.5671836710715479,0.5683956393437792,0.5538231614948244,0.562820365262586,0.4996436871299448,0.5781345288882884,0.4068601741347202,0.449391949084378,0.5675009475197903,0.568139046199562,0.5505909882774649,0.5101124011268912,0.566785966703134,0.47716640917829767,0.560792231744574,0.519365672917329,0.5436911111654237,0.4940610417099886,0.5578174082807792,0.5617321863654972,0.5480151998904325,0.5691281825073006,0.4794548620549283,0.5050735480563585,0.5028109707573588,0.49478674905244696,0.5692112214805544,0.451381572457247,0.47073747714360553,0.5454926070316818,0.5035953156707823,0.5445997262185858,0.5553608679956243,0.46060642161110577,0.46079483512760133,0.4636624487795571,0.5630195972531341,0.506434653618539,0.4955602500789849,0.5259095562058825,0.4759237895640292,0.5543926455253778,0.5027385834575624,0.5284179504527602,0.5589250478633615,0.5509577578352404,0.4682616919510124,0.5025664817455203,0.5074338510979054,0.5553373320158138,0.5495801239974739,0.5496371494707211,0.4308514992396037,0.44852824682413145,0.5124159196550532,0.5548263243002485,0.49602649285811784,0.3818944383037183,0.5140514262886935,0.46739884864452275,0.46716353689977363,0.4203779360120611,0.5608203457307446,0.5534788822942927,0.4851698390273161,0.4771595953046813,0.5609609364539154,0.5594701970270438,0.5476356490637905,0.4955538090809371,0.45619724841080894,0.5047304491664089,0.5630710600882538,0.5523239180099132,0.5532881686853808,0.49607787668242936,0.5399930486383364,0.4615284989970599,0.5547407805457596,0.41996984102929286,0.494555591843849,0.5107097320778425,0.47094830639602603,0.4715951140536818,0.48352390712545823,0.4968891476475915,0.5612638310868611,0.5418298891348432,0.5518935170284537,0.5463678134504215,0.5238448654034341,0.514041988886604,0.5535603632298551,0.5062362565550693,0.4678530060043631,0.55856145906818,0.5059927258380624
19,60,4,4,1987,0.5232083057857932,0.531971380343804,0.5313177668318456,0.5401098774989862,0.5868036544135727,0.6083825233785863,0.5509442066152891,0.5584978150824705,0.527949777742227,0.5923365503549576,0.5406721234321594,0.6006501292188963,0.5929740568002065,0.5634728694955508,0.508249598244826,0.5416470182438692,0.47316763053337735,0.541725023339192,0.5262941333154837,0.4948440082371235,0.6118724669019381,0.5726888875166575,0.5413664157191912,0.6003861700495084,0.5167351787288984,0.5920019174615542,0.5917826394240061,0.5896367554863294,0.5890780712167422,0.5953091432650884,0.561702735722065,0.5995359693964323,0.5157367587089539,0.5648267542322477,0.5426602152486643,0.5928101167082787,0.6077171961466471,0.5972143237789472,0.55024270961682,0.5205813857416312,0.5547040924429893,0.5435877181589603,0.5857576231161753,0.5937120268742243,0.5120662289361159,0.5117796324193478,0.5942249372601509,0.5287430522342523,0.48362717653314274,0.5030947277943293,0.59308922290802,0.5057589933276176,0.6005368853608767,0.5035545527935028,0.4707164478798707,0.48186246305704117,0.5007958027223746,0.5336810673276583,0.5290419521431128,0.596651221315066,0.5367549036939939,0.5943551883101463,0.5477134088675181,0.5470770870645841,0.5204141984383265,0.5923332547148069,0.4669848618408044,0.5935589149594307,0.6015656019250551,0.5969419032335281,0.4882346801459789,0.589572178820769,0.5521744005382061,0.6023421461383501,0.5757622122764587,0.5891429657737414,0.5943147813280424,0.5681564087669054,0.5584114839633306,0.5392878067990144,0.600000319381555,0.6042715981602669,0.5160885627071062,0.5597002618014812,0.5646723633011183,0.5057502190272013,0.5857069020469984,0.5501114875078201,0.6116311252117157,0.6009920388460159,0.5979770744840304,0.5514213442802429,0.5440807590881983,0.502824724962314,0.4862404589851697,0.5304886288940907,0.4960310148696105,0.5482796256740888,0.5832610006133715,0.4807264382640521,0.5894167845447859,0.5440256893634796,0.6052224362889925,0.5495943948626518,0.5061571411788464,0.5509999630351862,0.5897130941351255,0.5329861305654049,0.5421876336137453,0.49426361049215,0.4979353186984857,0.5948565378785133,0.5940216978391012,0.5286767209569613,0.5310525881747404,0.5868738194306692,0.6044820671280225,0.5135623713334402,0.5395947843790054,0.5847897653778394,0.594271793961525,0.5048382207751274,0.5605787560343742,0.6058604593078295,0.5494085252285004,0.592207113901774,0.5669170270363489,0.5466459169983864,0.6106953968604406,0.5213801500697931,0.5979568908611933,0.603912410636743,0.542924627661705,0.6116847520073255,0.5992315163215002,0.4996342348555724,0.4680115183194478,0.5937165940801302,0.5440061216553053,0.6015628029902776,0.5207634344696999,0.5923508827884992,0.5289912509421507,0.545081784327825,0.6080218056837717,0.563042800873518,0.6021062533060709,0.5382577826579412,0.5534708673755327,0.5432224944233894,0.5935634399453799,0.5907031471530596,0.42116118719180423,0.40422114357352257,0.5608333498239517,0.47350960100690526,0.5166843483845392
20,70,1,4,1987,0.40885130979244433,0.41909668253386484,0.42396645963191987,0.40278304574742324,0.4275587354126561,0.41237044428031483,0.42777708908377104,0.425485579036271,0.4225064975614766,0.4147666108820578,0.4293964174564255,0.41531360710546866,0.41161332330630934,0.37461193410191523,0.4109773834546407,0.34938438923000986,0.4212314471337025,0.4334133820982683,0.29473891770870025,0.4183627277536853,0.41962982179554364,0.36464001022222386,0.3622648311783643,0.35346797768396276,0.32355498478916156,0.42283577894739827,0.427054916932686,0.41369151507928476,0.36648082482905786,0.35056148837237566,0.4211108396374846,0.40833771228790283,0.3180037903725039,0.41367263254015196,0.4416163424195831,0.30908818569498814,0.42387129483938824,0.324827699753771,0.3672728091857512,0.41742067027637975,0.4146677329946717,0.4200989048899585,0.35213304657972494,0.37148275827330185,0.4126793610230657,0.4172343669350214,0.42755160054177727,0.37158713465125204,0.4230348199378443,0.4178985788773641,0.4007364465990139,0.3656260592640205,0.42481021548955494,0.4234669267676259,0.40235668390458473,0.3527873419320007,0.4098280072212219,0.4188764598836729,0.41069738593416966,0.3148664319484895,0.2616874516844446,0.4095963870599373,0.3508498771803373,0.4320099419006561,0.4311190261185624,0.32664472607862555,0.4024534715344281,0.4316485998891389,0.42155270388411503,0.4101146551337254,0.4166392896314917,0.4357293047977768,0.42203348177383265,0.2731787892243334,0.32415734402095997,0.3503189451670222,0.39961430468328735,0.32236938333996684,0.2832137276501449,0.3790798105356347,0.4212279754285594,0.3793907487058761,0.4132632071735295,0.4423523626406381,0.42186630401599196,0.42406337429548946,0.33164852478425316,0.43060854221421646,0.33813697524349806,0.36284493952610414,0.41630020237150994,0.42183890430678544,0.4285195856603957,0.2954929090334866,0.44092014818701125,0.3616987710994012,0.372092213339478,0.4112795448030224,0.41667272723054766,0.4115801119925715,0.3447187130384469,0.335428625421063,0.41580286174633424,0.42479883593154016,0.31977916400851186,0.37209027004605943,0.3708771860781517,0.3617171180308927,0.42642321310577197,0.4280756622477039,0.3192609983091136,0.3678800713924961,0.2581802457950194,0.4229689625686665,0.4272276258650627,0.3243757213345011,0.33480467641626604,0.347852396601029,0.4303381254958136,0.39031647960951615,0.4190857073732915,0.36438550627565264,0.43023556288872056,0.410838213737381,0.3661636714716904,0.40864229065771324,0.3716319232193265,0.4198132409090911,0.42073376275807545,0.41867125276997497,0.4246110602947895,0.3078734058763538,0.428743321401169,0.40796893774401444,0.3387104193217882,0.43018321218988065,0.4211412697044644,0.38493995872769343,0.35106469535342305,0.43100149106736707,0.42741289878922867,0.3011997116506858,0.41726897410460706,0.3234768167100183,0.4251405451133961,0.3693729356955026,0.42593409936240006,0.35142063290714914,0.43311215796846775,0.3666445098760474,0.35423847957118476,0.4206953647027489,0.4234591152225135,0.3569470974628555,0.3589519362413246,0.33754543053891517,0.30818560977321846
21,70,2,4,1987,0.47020782822186186,0.5057357973690274,0.42590376132666463,0.40306998743224387,0.4944995193137336,0.4377653658705414,0.46222884716131746,0.4584923198589912,0.37812238396742404,0.5114064471843915,0.5014184838686234,0.5186701158682505,0.4652066909349882,0.455483297812633,0.5215054184962542,0.4382832019757002,0.5386960804462433,0.5165656588016412,0.5033151785532634,0.5316678468997662,0.41795175121380734,0.4574375985524593,0.40538509564521985,0.5200248837471009,0.4530600634905008,0.41320777122790997,0.5388461054899754,0.43659689395855633,0.467854725703215,0.5230473331916027,0.45324341991008854,0.46777262489000954,0.46774535744618145,0.41163835097581913,0.5031115589997708,0.5210422243827428,0.5036103849227612,0.4380496772435995,0.4651816843411861,0.47091720562714795,0.5275089422861735,0.46845836822803205,0.5147707735880828,0.5217167311753982,0.5144422121537038,0.4600455271892058,0.4378827441961337,0.526592559997852,0.5342897008626889,0.5062257137054053,0.5224623096294893,0.4739059799756759,0.40936936843089566,0.5289448178731478,0.5158104465557979,0.43619646216050173,0.5319123457639645,0.5047564781629122,0.4275617056932205,0.5186805445414323,0.5163953813222738,0.514266067590469,0.46141650875409446,0.460598174119607,0.40734479259221984,0.4392499828949953,0.4622931481936039,0.3612441231042911,0.49909449296119884,0.5144901810548245,0.5102101854788952,0.4839464750045385,0.525539515262995,0.4405172754556705,0.5104371306223747,0.5107189248769711,0.46863901171928796,0.4764723469049503,0.48954029312500585,0.512659127284319,0.48008785935548637,0.5049619850439903,0.46108332429176724,0.46720309135241384,0.5331748419847244,0.3721071645235404,0.5243826600221487,0.40666502943405736,0.48518779721015537,0.507839299318118,0.508798950452071,0.5150840364969693,0.41581458204831834,0.5168824098049066,0.4429015561556205,0.522439274421105,0.530340274480673,0.5143890680410923,0.38896697499813176,0.4662968658483945,0.43134442842923676,0.42464950069403035,0.5182567523075984,0.5170492731607877,0.46135273820314654,0.5112240445919526,0.5071564003443106,0.5036310315132141,0.3876217137544583,0.5083415842973269,0.5152555954761994,0.4859837064376244,0.46616406669983496,0.5087166422452682,0.4076875293866182,0.5212370762458214,0.5009929256561475,0.5317652538800851,0.46328415075937907,0.518784552354079,0.40640320411095254,0.4163343380659055,0.5100373093898479,0.40231989392867457,0.541683408847222,0.47428663143744837,0.5186174829800924,0.3859836179476518,0.4638417355525188,0.46535745966128816,0.5179170648256938,0.4245498473827656,0.47198669115702313,0.45601531847929344,0.5187400746039855,0.5162921174978599,0.511591043533423,0.5233494734152769,0.5177382215475425,0.42047484364265053,0.524153145459982,0.3922266409947322,0.5392656390483562,0.4572268618987157,0.4967943298511016,0.5072120354725764,0.5195587827609136,0.521338446629353,0.4564317715473664,0.5022946510559473,0.53065169774569,0.504423926732479,0.4498610123609885,0.46857269681417024,0.5040870953828861,0.4514216789832482,0.4339504584287986
22,70,3,4,1987,0.43595744017511606,0.5146115783073894,0.471511282993637,0.5660185720771551,0.5786502435803413,0.5145187129974366,0.5590831308049451,0.43987745719197197,0.4455153576826771,0.5147071752102922,0.5678765687961059,0.47567947168294555,0.5140914682748253,0.5100373808975813,0.4958582040400821,0.5284512816468101,0.5777302518892845,0.5118886109456015,0.5713886481778631,0.4660215224737323,0.5711614672775862,0.5533676775976841,0.4369001143869259,0.4565972249795491,0.4717626107805898,0.5694599807958195,0.5218392126986953,0.5746558113784641,0.5648870335942576,0.5177318551197126,0.5209732504438334,0.5713589643689909,0.5689331282669469,0.4809078446622025,0.5560330939895912,0.5045556695080917,0.5570266884588546,0.4805693927905903,0.5628175055934297,0.46647545289436665,0.5302876496129463,0.4242462065897099,0.4453649128921301,0.5054323151417743,0.5656279107476023,0.516170362322247,0.4919055050912998,0.560176866759586,0.5850725429067352,0.4893150480340891,0.4728612561170229,0.5691104183401116,0.4849599124392647,0.4821962229472654,0.5635293369627185,0.5779829108761443,0.5235660985286134,0.5258642353900211,0.4878939533975802,0.5366283485861604,0.5483226532602125,0.5704848603979623,0.5207056303432479,0.5742807661976795,0.5068879783849308,0.4791165230802989,0.5132721034005459,0.5725813579930406,0.5728529158269385,0.4899955554231132,0.47997822024015135,0.5079300187905011,0.5207947678139238,0.5684673343187177,0.46060758678365776,0.5633780353264122,0.4917396691986559,0.5131190901600433,0.4462034666352699,0.4469288354485879,0.5601428679918965,0.5801800679603903,0.5375837004138337,0.5204471370589409,0.5173040083410211,0.515846526808312,0.5618745065384801,0.5875336590444068,0.5402097441111093,0.5695942252990337,0.513393785007269,0.5771407814341296,0.578240853803167,0.5539810856956452,0.5706821503806206,0.47567593494741833,0.5263906763685353,0.5668114215019612,0.5357178465865465,0.48985390927541117,0.5413095985869025,0.5241008867085676,0.5765091013815616,0.5663892023758201,0.48213796334971715,0.590360771589242,0.5803333300560829,0.5608704078522174,0.573491640359975,0.5789134565030555,0.5712842938964933,0.5781249243925518,0.5721992367900299,0.5740857212459994,0.47377781830873006,0.5670049485065594,0.5781980354034483,0.5664344620148032,0.45873932175135335,0.506539231260463,0.5201492699203788,0.5596963058185949,0.4598714069169783,0.463914933139712,0.5107740159164607,0.5634491160685914,0.5625657462424342,0.497617985487912,0.5354826299596853,0.45544429094411054,0.526004031706413,0.5812784941279935,0.4884312850955859,0.5766804246123199,0.5236597580668527,0.591084066068152,0.5610290654438479,0.5022910158457923,0.5066287153425848,0.5065795064900172,0.5216689398548482,0.4876597262773996,0.5646887576997512,0.5209816678024916,0.514081264516259,0.5211939199425367,0.5664589776139315,0.5219825234858443,0.5147194788149823,0.4710522989818558,0.4665121603104855,0.5818637924899387,0.5214234523272236,0.5512670535985598,0.5251064815409916,0.4722645936772981,0.5737203213491329
23,70,4,4,1987,0.5957638771910416,0.6060462108592397,0.6091620112076784,0.5186835872499567,0.5434116746249952,0.577992622570325,0.528698817753667,0.6120572355405198,0.6024529113195329,0.5714921679796349,0.6189139981544455,0.4886239896582059,0.5275250214556749,0.6232260228451634,0.5679818566557,0.5687147313387606,0.5584965700878523,0.5586731449471718,0.5644506528115397,0.5601481455158813,0.5532242942854996,0.6039418883972767,0.5145302778451231,0.5186634878213493,0.4465084046281445,0.46173632051308117,0.5690449367018895,0.5473752527336799,0.5679379155498525,0.6138858102379045,0.5230901456628171,0.5500330269648767,0.5314044478051949,0.5484858854278845,0.6030482874490828,0.47195009348904277,0.558395142018483,0.5524132273584136,0.49317252760782293,0.5020457618523643,0.5616978987349266,0.5524723351937938,0.5060078710785711,0.5082471295801133,0.6073635554438486,0.5830898840389951,0.522518142043608,0.5507888509965068,0.47828402693983146,0.5590975462454152,0.51474504601893,0.6118495944906904,0.5812697975423323,0.6192544782973085,0.5615186410424597,0.5588197261875213,0.6071844285071208,0.5142204369862042,0.5442684027537001,0.5746082211040078,0.5771447569912017,0.6108448720727292,0.5643786653798288,0.4660455288063169,0.5464012510489419,0.5555943578325641,0.5504197918307718,0.6123758164375864,0.5575590392681941,0.5468551017226974,0.5489001773414811,0.6114918467886161,0.4545468876811222,0.5206882395045296,0.530439082240559,0.506693180006836,0.5383076733319547,0.5108670529894804,0.6017080835646984,0.6125821858176386,0.5551636187818038,0.6278320972207954,0.5605727003506965,0.4838463153826629,0.4804667832027555,0.5305323032808553,0.5282273361196068,0.5135514867243343,0.5068723849601147,0.553272656121179,0.5502256339133098,0.6040998513161824,0.6162648825121175,0.5386590498904283,0.5364124478469968,0.5727284872094999,0.6085310525294998,0.5741799245954184,0.5303548568206308,0.5020469998189916,0.47721796619330403,0.5589811636515313,0.514748054337127,0.5542595164938123,0.5594270794179427,0.5638113895635954,0.5109203729329933,0.5765441525044865,0.4865593485807249,0.578688178699054,0.5470039463792172,0.5276975815832927,0.474273411079227,0.555726796232593,0.5519679263624221,0.6075322471988138,0.5038408143982214,0.534960324539564,0.5446360317200266,0.6228466658067953,0.5626392336415995,0.5656916748790841,0.5755877816240201,0.623009105003317,0.5500831588400596,0.4681567707298938,0.4939093177855327,0.5692312832902239,0.5664168671163589,0.6157925447244295,0.6239069965497361,0.6189358911589178,0.5493894865375539,0.5901921659864057,0.6130035619461099,0.5290142041850464,0.5363158121783071,0.5355093501001128,0.5333766235106903,0.613440867493914,0.5957419404184631,0.5641117770010264,0.5598344834063066,0.6217312522583607,0.6147276596873218,0.5523546996541048,0.4923421785781521,0.5309042462503722,0.519360984495173,0.48218699119478,0.6223333315699512,0.5560303654970299,0.5540726362722707,0.5636055338445134,0.5367576913683826,0.546308324287075,0.5912331336455819
24,80,1,4,1987,0.41941629864675617,0.4261938466798121,0.33143328117190374,0.32711968481388237,0.3036881670012803,0.3332445358620715,0.44853041270735916,0.4536151550757657,0.4424009652654077,0.45088333962069954,0.3824064348913302,0.42768286967733105,0.37825793168347355,0.4379236055027907,0.3480278725077392,0.37891615811426926,0.4289836283702,0.43144263393560034,0.3187751293941668,0.4402006262426923,0.4342239010485874,0.42436034698395214,0.43032352780080907,0.43633417058142887,0.4289176073043969,0.4173513747324609,0.3724621693419803,0.4261695228184864,0.42542442204845937,0.43468584201897786,0.37466921559564625,0.43089803070019767,0.44455554189196056,0.3995958561730233,0.4381883671708927,0.3423591075429491,0.33760120344769423,0.355052617173286,0.376151768189327,0.36257608593649165,0.3170360636559262,0.4371553432030283,0.3852683790170463,0.4556181941822076,0.42498826912254284,0.4388229095252456,0.3918450227208958,0.33360426851138947,0.3616368745922283,0.34186153111943773,0.43573346430329,0.3158758257984356,0.4352580210205856,0.43823039243175727,0.45300357402509944,0.3843151813100098,0.3685025606185767,0.3033288732076147,0.38641318526996926,0.4334546137767233,0.381287240127849,0.38376468446604006,0.4235510794600104,0.3805444895461866,0.43479364700378126,0.3772143133127006,0.4277437752978817,0.38629083796671243,0.37982324540235435,0.43442544591654636,0.32470758872426997,0.43075757717630664,0.31297488129063017,0.36942618010909695,0.335557193247376,0.4267313606040493,0.43214502285240564,0.4362705801702609,0.43517750144764117,0.34338876092509857,0.43612722629194806,0.3711112462031613,0.3399396572523056,0.40805790029513606,0.3464915804042938,0.2948060312468535,0.36589485589106374,0.3105745350099673,0.4327624911335623,0.4249018483101183,0.4362771711531718,0.3746532275418567,0.28127137912306815,0.3788571842916452,0.39510516277544055,0.3777312473127037,0.42074277932476845,0.43413018288126415,0.41452192007356387,0.42620015561960306,0.42520794667256107,0.44486504049058173,0.45403394315652784,0.3801908585296315,0.3785221137058963,0.43194009095999847,0.35855755984403526,0.37591323347607997,0.4210584529266236,0.34455722874137246,0.43305176564842274,0.38271932153944754,0.4332673969542145,0.43483954022644433,0.40233127805078106,0.33315306286902946,0.34414902530658015,0.3438524931099764,0.3356415767578562,0.43416095045721453,0.4260189214329811,0.33892623717617837,0.3553246594158707,0.4003078400709067,0.4413011663278956,0.41920690274542305,0.4245122067487923,0.4001943994479574,0.4356988914832947,0.38514391278765003,0.4266295047322656,0.3782959472601581,0.37959487430608957,0.32796927523461117,0.43320799299106477,0.3511910738838706,0.33814293537170265,0.38495606411794187,0.4510227594026335,0.28389263737733195,0.4275621935440477,0.43637336052147446,0.4326705624343483,0.43305054785339697,0.42868364817777255,0.4242119629671619,0.43730852941798554,0.439513210392302,0.4448342170305313,0.3463666707467122,0.4418659495699937,0.43468817369953083,0.43808532649544396,0.42509245940834095,0.4298733384366248,0.42352886359403086,0.38628034781498516
25,80,2,4,1987,0.5291460926526584,0.4595735608623718,0.5113753983468721,0.4677950603555339,0.4600978841769295,0.5408643231151591,0.48580912261205345,0.47970512049670083,0.528656459712737,0.536254378701237,0.40729541689693777,0.4768899080073006,0.5314431608029687,0.39642285358323537,0.5370375319434315,0.47999247793673244,0.413953568297977,0.5215269360107138,0.42324611330093637,0.5398978725803542,0.4071856563226116,0.5337979153066797,0.35393829203203586,0.390101950625221,0.46720890750615335,0.4799178365263657,0.540495827908994,0.5391101642562062,0.405194358761329,0.5467274541413569,0.4057928325277981,0.5377098709574701,0.5312338491331948,0.471565352460719,0.4765707593803847,0.4617200444014336,0.5238644117561282,0.5263593468077692,0.4242398188782229,0.4301179931678625,0.543367999531616,0.4915455012824051,0.4788637528995622,0.5334077929469797,0.5251316783667224,0.5305645689559779,0.40079175736419953,0.5410532404340631,0.4366238779151348,0.44679664952589493,0.5356511524220052,0.49449892414872626,0.47523008758120794,0.5383525757372839,0.47788572610190716,0.5281178767393058,0.45812859096992903,0.5376165961238596,0.4834351764853019,0.5406207921878844,0.4725648818255084,0.5352639421092821,0.48298255934506884,0.4710119414911785,0.5187768098014792,0.5367292311320269,0.5218085385380183,0.5313701307865525,0.5433749361945301,0.5260201024518835,0.5352621760343831,0.5289563852288116,0.5361472457111035,0.4904676614506386,0.5495952835119782,0.46602418781246197,0.37726777186736965,0.49002970536754187,0.5302577315994891,0.5293596507957478,0.3768626906571474,0.5416320813652176,0.4953853861838196,0.5274311245100664,0.5367715816877802,0.5368550966821783,0.42773540160956297,0.5399997660310838,0.5404492622782455,0.41126033165767445,0.5391428633030398,0.48693368995710634,0.4848949716146317,0.48135367319332606,0.47213025333642344,0.4474932539892074,0.4807274226664271,0.51662631742752,0.5167962070602378,0.489268795843296,0.5391278833840377,0.4341449094768661,0.44168946667931075,0.514496090939235,0.41861393955801934,0.48117466159835265,0.40108695419404683,0.5238467071847008,0.5393184316188939,0.5440964426050456,0.5198340762243786,0.4841385751886049,0.43761402475803246,0.5305845556651412,0.4823773403707078,0.443614506936012,0.5193700744437681,0.4799642844800778,0.5326404212985982,0.5496790871828565,0.40338999209183346,0.4765968206302672,0.5260660043105981,0.5485824279123223,0.5414338416795804,0.5321794582822942,0.4230834198181917,0.43032195957277,0.4952326141163745,0.49523507506804476,0.5221638307166896,0.529774769566053,0.4614591808429414,0.5326090306426688,0.5012796968604728,0.44145631836128724,0.4344248356426896,0.4599698038058293,0.5248523132353639,0.5433992178090741,0.5367159819694901,0.4773981787245194,0.44368092336507564,0.5171025170152169,0.4907096674938741,0.45879102749199363,0.5405016187530557,0.5492464254938239,0.5499794786570924,0.524002094808152,0.4933894273554451,0.4863244983867998,0.49025581903506676,0.53790429012328,0.43682531656213774,0.5256613558852581,0.3889189324219613
26,80,3,4,1987,0.5820828678561192,0.5853775547100948,0.5838861792023611,0.4895975747529198,0.5269527140785666,0.5330165342154752,0.5154155418276787,0.5816056150943041,0.49525312799960375,0.4850307125598192,0.5831195320934057,0.5272376202046871,0.5906859282404184,0.5303487004712224,0.5154450330883265,0.5939592588692904,0.5399539330974221,0.5019532041624188,0.5403292151167989,0.5240367781370878,0.5422173719853163,0.5941931586712599,0.5253692651167512,0.5841960329562426,0.5043199108913541,0.5988177321851254,0.593276722356677,0.5528526222333312,0.5330916550010443,0.5417560711503029,0.58627575263381,0.4547451213002205,0.5838727857917547,0.596434161067009,0.5252457866445184,0.5797590557485819,0.5037863254547119,0.541410674341023,0.48131916020065546,0.5024145413190126,0.5796269606798887,0.44475371669977903,0.5804162882268429,0.5827305447310209,0.5764442514628172,0.5895543992519379,0.4804099574685097,0.5444192923605442,0.5680578500032425,0.5773128289729357,0.559686467051506,0.5001867776736617,0.48488037288188934,0.5204498860985041,0.5885895509272814,0.5826228875666857,0.533024400472641,0.493832653388381,0.4817038392648101,0.4685355694964528,0.5460376674309373,0.589334886521101,0.49340682104229927,0.5773572083562613,0.5423540594056249,0.5245234342291951,0.5892033893615007,0.5848927740007639,0.5332431914284825,0.5356289958581328,0.5842915661633015,0.5331430155783892,0.5466446001082659,0.5525064980611205,0.49212685227394104,0.5186350326985121,0.5861473418772221,0.5912403576076031,0.4986788472160697,0.5065610324963927,0.5343599589541554,0.4713963270187378,0.532117479480803,0.5136530287563801,0.5245935171842575,0.48455160297453403,0.5703401491045952,0.5378038389608264,0.5133464215323329,0.5281768376007676,0.588028084486723,0.5213617235422134,0.5955922845751047,0.5254880087450147,0.5417765472084284,0.5852021276950836,0.5095711806789041,0.5856365524232388,0.5553171075880527,0.5825440622866154,0.5329178906977177,0.5949825812131166,0.510644206777215,0.5473115043714643,0.5935620665550232,0.5178196532651782,0.5356548298150301,0.5244844686239958,0.5372672490775585,0.5105369966477156,0.5036521507427096,0.5320113487541676,0.493902905844152,0.5808198731392622,0.5031055361032486,0.5854531060904264,0.5854908898472786,0.5909467656165361,0.4395437063649297,0.5481438152492046,0.5459236167371273,0.5256603304296732,0.5909995883703232,0.5507169626653194,0.593307001516223,0.5350439650937915,0.4557076320052147,0.5404453342780471,0.5401409054175019,0.5936413649469614,0.5318548120558262,0.5064372634515166,0.6001122109591961,0.4901223536580801,0.4813187886029482,0.5373023031279445,0.5269077187404037,0.5099310111254454,0.5555674638599157,0.4930304093286395,0.5959527157247066,0.49453398026525974,0.5838360711932182,0.48812334053218365,0.5847740639001131,0.588677529245615,0.537485109642148,0.5336184371262789,0.5916603431105614,0.49837268609553576,0.5995481740683317,0.5913025252521038,0.5431900611147285,0.493467447347939,0.5275534121319652,0.5027303639799356,0.6055667344480753
27,80,4,4,1987,0.5494607705918569,0.568406755133614,0.5584480995984421,0.5832772027878534,0.559942901134491,0.6351203344963693,0.5824731569541128,0.598018981908497,0.6307503317531786,0.5619469824590181,0.6381980513271532,0.5430955582543423,0.5290815234184265,0.59508123899761,0.5650630518009788,0.5617777498144852,0.5221191161557248,0.5197384225694757,0.5451277610502745,0.5294211886431042,0.6382152908726743,0.5724715239123295,0.6222566836758664,0.6230669724313836,0.5763819198859366,0.5887072908250909,0.5904158473014831,0.5775708669110349,0.5444672277099207,0.5099601899322711,0.5050669412863882,0.6204613353076734,0.5763335805190237,0.6300943700890792,0.5468911817199306,0.5631836684126603,0.5645698716765956,0.5795120207886947,0.5884955675978409,0.568725323677063,0.6257388265509355,0.6282696604728699,0.5729699028165717,0.6265825855104546,0.6300236011806287,0.6325826613526595,0.5903229901665136,0.5669184502802397,0.5301355506244458,0.5837954979193838,0.5008518030768947,0.5745971133834438,0.5788566946983338,0.5734773579396699,0.6282848126009891,0.5745481509911387,0.573770725099664,0.531681456063923,0.571643202555807,0.5692377924919129,0.5348717080919366,0.5710448792106226,0.5413959145545959,0.5387190724674024,0.49711332007458336,0.6343375977716947,0.5750839233398437,0.6278380362611068,0.628056750172063,0.5683615182575427,0.5755672398366426,0.6188156705153616,0.5580402756992139,0.5875630171675431,0.6072185597921672,0.6348600858136227,0.5778148444075334,0.612206014206535,0.5004385123127385,0.49247918662272,0.5835092224572834,0.5357876037296496,0.5803488260821292,0.56949631038465,0.6188274446286653,0.5656375897558112,0.5534443598044546,0.538022486159676,0.5071785462530036,0.6332095284211008,0.5712092606644882,0.5158291578292846,0.5128024358498423,0.5759213202878048,0.6257765111170317,0.5719138277204413,0.5472015167537488,0.5648768682228892,0.563224100439172,0.533656738933764,0.6355235011954057,0.6175882904153122,0.5797650569363644,0.5121885776519776,0.50105953153811,0.6196144900823894,0.5883764655966508,0.5333344142687948,0.631400531844089,0.5806157087024889,0.5701556525732342,0.5712299723374216,0.6262716236867403,0.531057169562892,0.6320628755971005,0.5758414099090978,0.5053135188002336,0.6184385255763405,0.6260485561270462,0.5380583524703979,0.6215784593632346,0.6272958586090489,0.5800686359405518,0.5229224261484648,0.5023865298220985,0.530122825346495,0.5636175268574765,0.5597812244766637,0.5500024601032859,0.5439584274041025,0.5604411219295703,0.5510486282800373,0.5789601570681522,0.5679757695449026,0.5589373450530203,0.5887833752130207,0.556496893104754,0.5871191608278374,0.6219375760931718,0.4854224697539681,0.523817241191864,0.6298850479878877,0.5782587986243398,0.575169803594288,0.5702069401741028,0.5458809771035847,0.6184510105534604,0.62473485030626,0.439074003382733,0.629784107208252,0.624215126665015,0.5239834440381903,0.5211544786628924,0.5606313247429697,0.5896397258106031,0.5611620470097191,0.572443635840165
28,90,1,4,1987,0.29928755851774913,0.4470054403041144,0.45361248166638807,0.42901828827839655,0.44936235800442714,0.3901930241759994,0.3997888056715583,0.38028476272419,0.45041905747857064,0.3912090610926318,0.3903573159579259,0.43688059118902606,0.4563779985828764,0.441578412245793,0.40802529104955637,0.4352405754623899,0.4562653203678739,0.4412727121334926,0.44266981296478564,0.45076125002211065,0.4487493182063862,0.4360071026595535,0.44853106361285894,0.3795245509998054,0.4364445615725912,0.4385565071728579,0.3996782196555168,0.448575414593812,0.45005746635661764,0.31009438284643137,0.4034212840970155,0.45291078128632467,0.4361575079571669,0.4565286565738119,0.4459077192719575,0.39146505070340104,0.44754941148363103,0.4369050953418586,0.44051995611494515,0.4276371841218061,0.44897488860567664,0.3584017185268888,0.34878771699917543,0.4580468784092338,0.4036464646743361,0.4420958539862542,0.454583562103806,0.4132012015695025,0.43992931444174166,0.3933251987217338,0.4413382523378749,0.39641153375813915,0.3865916372104815,0.4082924634028392,0.38762274855261397,0.4501060235272547,0.4484770676512627,0.4583875450738676,0.4388532778639702,0.4459576007666861,0.39314052219603474,0.4020375826935859,0.4386631074604715,0.3435508418614697,0.344149212131075,0.3147897637194129,0.3746453641326564,0.44910926211411784,0.4490655210747081,0.3743898799844608,0.44131932338331914,0.39235222639551587,0.4681865282499107,0.45071481485275705,0.44113796767155833,0.40038397057800534,0.3703576617939457,0.4422801468782364,0.46140068663153677,0.44115952549466664,0.4451305509752529,0.38453922602021773,0.446601148737464,0.4438634392941833,0.4487515806012852,0.4529555278219235,0.458136683095033,0.3735411951496343,0.4322928777166233,0.40021844635343856,0.433651125544955,0.4415514332473658,0.4459499371659224,0.3314063659519147,0.451411552755696,0.4457562993666169,0.4516849725109756,0.4516308489878466,0.46965651329915237,0.39062180173624855,0.4357885183042781,0.3571033904127255,0.39850866247893896,0.4481769978620444,0.39826384084239885,0.3541650925472284,0.4531088527980124,0.39634930324402584,0.35966099637329196,0.3214619642230356,0.46382564940270343,0.2902834099569138,0.4554373967040117,0.4339277731005553,0.449899962943071,0.4427706883591451,0.40069523066472096,0.44115087374760087,0.44800385384802605,0.3890065795297076,0.46913670794979023,0.39397694597578353,0.45337634804142507,0.4443595710453714,0.3963851857337223,0.4643915169557948,0.4424322328749736,0.4494293367786772,0.38684863410178266,0.45299984091406414,0.39739425577175846,0.3880577152322052,0.44228489004122984,0.3560988840783478,0.4027180659543177,0.38512720590943744,0.4416600148389294,0.44023449242494667,0.45551384569733006,0.44079532832097096,0.45612159952236586,0.3475557447998387,0.3544017194562657,0.4370953616063306,0.31047354978360947,0.3977245607193868,0.44243194172336797,0.30794683554369934,0.3832074749241969,0.45126903732870793,0.44826954846169537,0.4504990731075311,0.35012471820138824,0.4298885361404176,0.3528849963169948,0.448006383514708,0.35168450649376887
